35
56
522
12
461
253
629
59
617
521
93
806
309
197
788
392
627
942
68
760
125
310
860
893
429
949
605
603
933
594
264
416
318
128
703
508
612
575
749
872
376
899
199
245
54
231
509
181
696
265
178
743
53
947
665
37
659
48
379
864
979
139
335
338
278
340
675
372
450
877
721
769
98
421
701
689
581
672
222
815
333
321
818
755
733
365
999
902
502
673
950
239
959
558
438
327
9
79
953
925
132
418
94
985
747
984
554
922
576
824
981
57
70
377
832
736
151
21
497
346
396
4
219
691
465
982
501
152
352
897
553
929
408
250
780
825
525
344
918
843
167
481
519
758
560
577
430
73
268
453
131
702
169
204
751
492
819
532
557
330
207
890
602
568
423
816
311
291
7
744
596
499
142
826
944
762
587
779
297
586
831
257
252
578
968
233
715
475
428
363
157
619
479
813
661
794
61
656
395
600
570
470
610
994
331
817
66
149
907
811
706
62
772
580
118
710
329
342
608
648
76
198
237
564
303
393
674
271
699
316
402
172
226
533
518
866
355
507
380
969
406
426
478
669
367
112
39
92
624
175
124
25
75
544
783
609
74
2
498
814
293
643
520
243
116
353
415
878
789
80
584
261
407
255
936
861
795
433
723
325
759
217
965
473
259
254
272
662
300
704
241
591
787
203
158
785
926
460
993
638
6
456
956
445
685
432
357
642
961
938
767
753
26
234
773
494
165
593
369
538
534
911
708
269
935
339
440
898
248
548
579
526
477
341
531
887
784
260
31
639
150
42
108
928
130
424
223
32
399
467
351
235
489
236
880
123
240
162
514
47
923
5
19
103
457
78
513
724
717
590
483
601
846
117
697
741
647
971
177
873
620
409
912
164
206
208
737
666
200
595
347
881
218
515
988
621
500
184
686
987
55
180
193
277
381
867
516
389
288
916
190
95
385
848
444
957
869
488
28
589
319
84
506
160
842
962
770
97
791
565
931
1
910
838
903
698
841
756
425
830
927
718
51
634
215
745
800
350
896
919
289
63
474
209
495
891
607
646
874
188
383
976
939
807
678
598
134
487
700
212
106
83
551
967
469
963
227
305
283
482
100
921
263
735
104
712
720
29
258
298
765
448
585
119
216
852
228
900
556
801
713
299
798
978
628
196
480
951
140
977
110
543
463
107
468
286
555
851
382
403
102
827
122
539
290
390
40
690
414
496
86
466
301
792
657
833
955
192
687
451
16
220
420
914
270
995
822
154
871
400
952
983
324
990
306
317
517
920
435
865
680
705
266
693
855
868
394
81
362
540
185
182
915
654
398
523
46
546
679
892
799
111
828
41
36
127
837
168
992
434
443
147
829
273
156
960
682
808
1000
964
583
803
322
571
43
60
90
879
485
934
856
588
726
567
761
658
541
85
649
176
144
360
326
694
163
452
378
732
731
681
650
552
179
10
683
45
561
348
569
337
135
138
764
644
636
69
354
304
137
858
840
821
419
332
349
771
752
126
635
748
537
633
714
895
238
64
366
535
622
688
847
709
905
670
876
195
388
781
716
449
882
213
371
292
677
287
853
996
904
906
275
943
901
267
966
454
387
836
401
38
778
835
315
729
775
524
797
559
549
972
230
823
30
970
529
909
613
251
205
668
834
924
663
664
582
229
166
50
370
77
459
875
725
883
563
242
946
604
8
262
763
120
87
684
404
336
368
441
183
101
412
930
373
937
651
974
24
320
211
282
820
345
885
862
201
214
439
742
411
615
148
802
894
606
618
728
512
652
886
358
359
776
281
641
766
276
958
774
121
23
313
660
637
511
695
129
247
361
845
472
455
431
727
13
623
109
274
210
786
308
294
328
614
115
232
839
986
804
105
375
616
676
796
754
599
364
18
884
973
221
510
170
739
343
82
889
384
692
850
574
653
857
863
626
917
849
447
740
296
143
256
667
191
527
141
975
417
155
991
146
711
734
640
913
941
246
631
547
707
566
484
225
410
908
312
442
14
932
436
810
490
471
954
284
314
805
133
22
446
757
464
114
503
72
67
405
174
34
89
536
244
645
15
20
249
980
630
573
145
422
625
632
655
202
888
113
49
189
161
374
997
224
186
44
562
307
782
458
437
545
3
793
96
171
462
790
159
611
194
136
397
940
302
572
854
491
948
486
334
99
280
777
592
671
504
285
279
91
542
809
730
71
945
844
505
768
550
52
722
719
11
295
530
58
386
812
173
323
528
153
33
391
750
597
746
413
476
870
738
998
88
187
356
27
65
859
427
493
989
17
