1298
1686
475
976
202
1993
1994
403
1863
1950
1809
417
701
601
430
652
1468
627
1675
667
1694
836
239
1627
893
1923
1660
1772
1858
453
769
598
1568
1703
1
264
1159
421
1412
1105
820
1152
1921
1665
1726
1599
1433
1736
1149
160
1533
1566
589
1410
370
800
385
1631
897
920
1722
1960
669
1656
1865
1067
551
1022
470
1438
684
593
1324
1512
220
69
364
1009
1600
1225
1630
366
510
1363
1898
1476
1794
1949
15
1409
1957
1143
798
36
1196
1036
208
1846
11
1807
1109
1388
1984
1177
1339
765
901
48
1343
226
896
55
1529
128
1269
423
1098
47
1278
400
804
323
1895
1256
1588
633
1899
735
1161
704
1182
1381
1832
757
1664
1216
814
87
1808
52
1821
371
1872
498
1176
841
640
1881
891
1202
558
1220
579
1943
1027
864
737
967
253
621
393
40
286
564
1119
331
1870
1514
473
130
860
754
904
1102
1651
1705
586
1592
1685
141
842
29
687
466
49
1147
802
194
186
693
1194
1561
1085
1885
390
755
168
1214
1681
1039
1691
1799
1245
514
1880
847
1151
94
745
599
44
1967
603
192
1426
1271
1997
341
1748
1046
1578
756
4
1000
1973
1864
144
660
850
530
918
324
570
355
1037
1844
213
1965
1283
436
1400
6
1876
351
1391
468
133
956
1276
1663
469
1550
1693
741
1107
523
310
34
528
1869
715
191
1063
1392
447
109
1504
515
1255
1397
153
1563
787
791
1201
481
587
1249
1697
1352
1905
1315
462
718
1525
1142
223
1441
354
45
467
1427
1207
1532
1086
1912
1650
1004
1166
309
1444
776
1244
1531
367
1464
549
1552
546
1297
411
1834
725
1118
542
960
1273
697
171
1503
1562
1625
1770
54
1407
907
79
107
505
1944
1773
796
429
809
1016
319
1649
1784
726
1591
540
445
698
287
263
1422
1181
1326
1484
854
1528
835
325
1908
846
82
922
1741
1291
1608
1469
1920
557
38
1621
433
675
1351
1184
1448
425
581
634
682
692
987
792
127
807
1335
1606
1852
900
90
1095
1060
1369
460
363
902
167
1212
1319
1030
1721
1209
1218
459
455
1756
1465
602
72
1387
1742
1314
880
808
562
1977
763
1739
205
1910
954
1069
1313
952
748
1049
22
1805
375
882
68
170
852
708
1280
839
1248
233
1909
1937
1473
612
1755
1890
1853
521
831
927
1140
301
1328
187
405
305
1961
474
1917
1191
663
1769
775
327
1841
1155
973
1242
241
552
604
1954
1108
825
63
424
1976
201
1760
947
955
1936
1518
1121
1855
65
1361
644
1080
1558
260
1081
1282
890
1924
991
1413
582
1131
1065
622
374
1100
610
1193
550
1553
251
1442
994
966
120
1322
1066
243
517
780
876
1746
282
1406
266
1629
1901
24
1306
961
1932
2000
1873
654
1933
1926
929
538
115
1775
1764
443
142
720
981
714
338
1963
1734
485
1539
1264
1233
1571
132
1642
1785
1810
1275
1998
793
337
1783
1632
1192
119
777
342
1577
111
1364
1451
1395
1403
707
1367
1099
1136
1628
1511
1857
432
91
1813
829
1987
547
1440
980
1034
611
42
1353
1062
576
545
1607
1429
1679
1456
1187
937
1050
397
193
645
1735
1217
176
1310
1368
685
884
1564
1826
1657
1672
1493
1254
1396
487
1788
259
1891
261
80
352
1126
942
446
1945
267
478
140
686
921
1393
639
368
1251
382
1260
491
1927
534
629
284
1470
1492
183
1144
1190
1417
316
1637
110
1827
1168
1542
1094
1884
925
464
822
753
1148
943
1154
526
1113
1684
1040
495
230
1074
129
1227
760
1383
330
1513
235
14
1051
1293
590
83
1622
539
1031
1129
1706
677
1962
1090
273
206
1982
837
1893
86
1509
1584
1299
1072
199
1970
975
1790
909
1270
859
84
1583
103
1639
1730
1601
1768
7
1137
1624
1704
1859
1771
135
1516
873
826
711
506
333
1011
813
637
821
1370
1247
747
1482
1862
418
1731
1348
1164
1454
1500
1084
164
1038
1284
1849
702
1317
531
440
1167
278
1169
730
1028
649
1828
1667
1833
1307
361
1203
117
285
1839
1986
1179
25
1587
1985
1942
1411
1653
1896
1743
1402
615
1524
1941
458
1723
398
17
215
350
778
674
751
1971
118
252
35
1303
1289
974
620
67
1791
845
944
1580
190
66
1165
60
265
1715
344
853
1224
1882
1189
688
1975
8
255
293
1897
1780
983
288
1132
180
1446
596
1643
1211
1003
1825
1399
297
986
461
569
211
993
1570
1371
990
819
1752
1889
1221
795
456
439
1689
3
1618
1404
951
298
658
744
895
659
1974
636
340
1823
827
295
651
926
1724
998
1253
1235
1471
1658
1837
833
1023
1058
916
543
89
291
56
560
939
1818
420
553
334
679
816
1379
177
1308
1106
122
232
647
1610
175
1228
389
1835
477
1988
85
1344
1345
1916
242
561
1054
511
347
810
867
281
422
1483
1331
1765
1892
184
212
719
435
938
1576
695
1134
535
1787
1430
250
575
724
1745
812
773
889
292
1883
98
1560
1135
1075
1479
513
678
1695
1340
304
672
607
353
1955
248
258
868
210
1033
1579
556
1959
788
568
1900
237
1860
1795
1750
1925
1817
387
1258
1266
1709
1390
1359
1634
1548
329
1590
1535
500
857
855
1980
1819
185
1017
200
150
740
283
1435
9
870
1079
1223
1204
1188
1537
1598
414
592
1575
662
532
449
1800
336
318
113
638
1871
948
454
1940
1389
388
1010
1101
1082
1157
997
173
268
1792
1777
989
492
1478
1966
1569
33
1474
490
157
1605
1068
1104
1243
71
384
1432
195
1323
1645
1812
1263
1661
356
438
619
565
1431
378
1007
689
209
597
1059
628
625
431
1088
377
262
642
1918
1274
666
784
1183
962
600
874
280
1376
914
1644
524
1488
1321
982
1005
626
969
713
1083
349
690
402
1759
1281
26
1445
1012
1914
533
1373
271
832
101
1547
106
419
1838
1285
376
19
1617
1041
154
1707
1907
272
32
984
1356
1195
452
1021
862
131
1453
1346
137
74
484
1729
57
676
1398
1640
761
1365
863
1295
731
1200
1267
1236
1127
1032
903
717
270
1279
1556
617
1380
247
100
124
1626
1056
147
224
574
823
1887
482
1879
1008
888
1231
1774
1995
1019
885
913
544
1334
1520
1489
1287
207
1806
222
1048
766
1477
1494
1219
1439
312
1581
941
1843
219
694
878
1156
21
1366
1934
1669
1956
182
664
102
289
1210
710
1246
28
1405
571
1423
1239
979
1983
1659
785
1309
1814
104
257
1434
1801
1797
181
1362
665
1355
1701
1757
824
1930
509
1481
1116
1767
313
1931
1146
1222
799
1174
1829
797
1257
871
838
494
275
657
762
1803
1595
121
1662
1754
1623
1737
1616
1894
457
1856
1733
1638
848
1877
1700
1097
1611
358
1372
308
892
1047
158
472
632
555
1708
1250
1414
1867
614
1836
1490
369
911
1061
245
31
448
1311
1360
343
1234
1329
302
877
680
204
1357
1673
931
476
1648
348
709
1538
244
12
1057
123
148
53
1486
1460
1551
527
522
968
1938
1545
529
1208
1112
794
1302
1428
970
321
373
1377
161
1702
759
594
444
1419
559
1145
1902
451
924
463
10
1180
898
78
1382
566
1230
1690
946
578
396
381
1045
1727
1338
1992
624
64
1265
1687
1964
606
1491
1186
1762
1076
1002
1349
1713
1501
767
1530
1816
1554
1087
1286
699
112
1888
1020
179
883
471
1716
1670
971
326
1903
771
696
217
503
413
1574
1840
1922
803
1175
646
480
1506
774
76
125
727
1305
1505
1796
1325
933
162
1452
923
1596
274
623
518
1261
999
910
661
1597
136
30
1350
46
99
1572
1696
1725
1935
1636
1120
1740
416
541
908
858
861
41
1292
1333
1953
320
1487
1744
1620
1089
75
584
450
314
585
134
1565
1573
61
1408
758
1682
801
1647
1185
126
1111
1457
1133
1614
1946
143
1205
155
1117
13
1103
1692
733
1006
380
1425
1549
216
1318
1421
906
1655
5
1122
1758
1213
1495
1347
655
1699
1698
1919
426
1385
936
16
357
300
234
406
749
739
670
563
950
198
1738
992
504
881
721
1989
1424
139
613
58
1455
928
1567
828
497
770
1384
583
790
734
1978
1781
588
1674
88
1330
1854
1226
407
1958
872
1052
1786
1831
1043
1521
1259
1990
1055
1238
59
964
1981
1559
311
577
391
1604
178
1668
1124
706
1906
1401
786
486
1517
294
360
1969
1714
1536
1044
307
752
716
683
1499
738
1904
1077
1951
317
1947
1304
932
1789
1619
1778
806
1354
722
1761
1128
1272
1878
240
605
1594
1763
1467
811
410
988
383
229
1589
1070
50
2
231
1294
572
392
723
1641
1498
1751
750
43
1845
1342
1450
743
732
441
145
188
1875
166
519
1676
1394
573
934
1024
779
499
1378
1593
1463
276
977
1527
1497
957
1300
1820
843
189
279
409
919
618
958
1198
894
953
1612
869
671
1747
395
768
1171
512
1939
1979
1153
1123
1666
1711
508
1602
930
1229
818
1458
236
1461
978
228
1341
1822
1766
591
681
1160
306
507
782
1633
92
1199
197
1749
1013
656
643
595
1804
700
108
705
746
1141
97
1327
1802
303
339
149
399
985
249
196
1042
1991
27
548
1277
1557
1515
959
1712
227
783
1523
428
1585
865
1320
1025
335
1262
169
1732
1093
493
1150
203
1866
1526
703
442
1646
912
856
1163
1793
1316
691
489
1114
1064
1073
152
736
781
1546
146
238
1459
174
1678
1466
935
496
1677
1001
1913
465
277
1449
631
77
1968
434
1613
879
1462
1375
1544
1654
225
365
815
1972
39
653
1158
1436
290
165
1138
996
945
1609
1850
1374
1555
246
1868
1162
1728
345
1753
1851
817
479
1519
949
764
362
1861
1720
37
1053
1130
1948
995
1437
609
1798
520
138
580
1815
1443
1824
1586
1416
1847
1332
1999
1541
886
151
1240
742
1336
1502
1337
1915
789
1092
887
96
1779
917
379
1485
1071
1035
1115
346
1683
866
20
95
1811
1615
536
650
1719
214
1480
875
296
1078
1170
1447
554
1018
1237
415
834
1206
1215
1290
1241
1110
1886
372
328
1952
1929
1268
1096
1173
1386
62
1178
1029
729
1996
93
1652
915
844
1026
299
840
1507
1911
1312
1582
1125
1522
1301
1718
315
394
1139
427
1252
163
1415
412
81
899
332
525
972
1091
18
1296
1510
1540
1842
616
483
1508
1475
1358
1680
254
105
608
1782
537
23
256
116
963
940
218
805
849
1671
488
1688
51
502
1830
1418
73
1776
401
1420
1874
641
673
1928
728
668
159
156
437
1496
70
630
386
1232
408
772
1172
1015
712
114
322
1603
567
501
635
1288
172
1710
1472
221
1543
905
965
1848
516
851
1534
1717
359
1014
648
269
1635
1197
830
404
