288
3903
3910
3517
4914
818
1757
757
4716
3984
2618
6
3288
1099
4752
4049
3776
4511
62
4184
1076
697
228
1371
3149
1298
1167
2481
212
321
2497
1093
4967
2934
4423
4038
709
2449
3438
2049
3400
2849
4118
2423
2840
1929
4774
1553
4239
4992
1162
4851
3404
3044
1635
2222
176
3362
3639
3027
2277
1154
3210
4659
3369
1997
3348
501
1411
3998
951
4937
4557
1685
4322
4818
2044
230
1695
1538
2463
3126
525
909
1272
4792
1613
867
3252
2872
4596
603
283
1850
2694
2140
1304
2890
3198
3063
3797
3655
3893
3707
4765
114
1144
1750
3184
904
939
779
3920
4988
1306
92
277
2735
4518
3453
3824
1940
3483
4025
3069
1440
1530
1296
1911
1619
1148
153
721
509
4694
1222
516
1926
2977
3531
2970
3255
2081
3513
4535
4428
1359
3890
4415
2625
4894
1035
1114
1868
3460
121
1876
1661
3574
1895
1522
805
2478
3506
1194
309
3880
1902
2161
2942
2363
4870
2990
2519
2931
2144
1430
4318
544
4360
1592
124
224
2195
4846
1047
3383
2834
3899
4373
1896
2860
1275
271
545
3108
4840
4222
1630
1703
4112
1112
4997
1449
1075
2672
1088
2290
4123
4926
2563
766
4793
1844
746
3456
3897
14
3792
2858
3157
4610
4708
3691
1874
87
4804
2276
988
2167
3281
2373
3202
3791
3469
465
4073
1631
1922
4542
3229
1503
1491
3649
3095
1508
634
2120
3872
2107
2226
2176
4056
2171
4960
3870
2408
1213
3267
2159
4929
931
2673
2526
2737
826
1882
1108
924
4763
3068
4409
1317
219
161
802
3467
3835
4972
2370
2869
755
2218
3382
2393
3168
2944
2918
2396
4922
3809
397
4372
2663
1616
2656
1188
4159
702
1037
4062
227
98
3449
2333
194
4950
4166
2914
1904
3727
4579
1097
145
4772
555
940
1671
1833
1463
336
2804
4182
4920
4163
1187
4649
3841
510
2054
1339
2733
2638
2591
4022
2630
1474
896
809
2831
3113
3178
426
2060
4949
232
4848
4311
4541
1604
4036
3305
447
2239
4126
4169
2459
127
1230
506
611
1690
2692
616
4212
3128
374
1762
2805
1184
4802
3608
2572
1384
1603
2590
3023
3569
4113
241
2734
3827
4700
1968
2798
4740
487
2091
2032
3826
3368
659
4065
3724
3907
2281
1637
2729
444
113
442
3537
3548
1694
4554
4966
929
1346
2183
4946
299
4564
3867
1439
3818
4273
1869
2581
908
93
4546
2420
4866
2035
1551
4665
4198
1751
552
685
1820
4424
4466
473
3625
1233
1151
1840
760
1749
1169
1552
4104
4174
4705
1171
4590
1013
1039
472
3096
2457
3127
4965
1065
1848
2059
2214
2246
360
4858
1614
3284
229
4717
3780
1707
3957
3709
3729
4795
4874
4416
4462
1290
4701
1814
1036
4561
4326
3676
4178
476
1468
974
2168
3189
466
2999
64
2863
715
1771
2244
4550
4071
3929
168
3805
2892
3628
1594
3260
3669
2362
4187
4983
4458
3220
783
2252
2513
4738
3710
3683
1769
3102
1746
2748
1253
4286
4109
3175
3110
4857
1804
4569
255
1454
3
957
1832
776
260
2402
2887
1999
1209
1952
4827
2088
1465
4626
2583
2573
138
1376
3658
4472
3857
4492
1925
1672
107
4197
1313
3668
1855
2679
3358
3638
3000
4369
125
1678
2916
1624
1098
53
3182
3064
4808
631
1021
3416
3730
3784
3292
3619
1326
1957
1477
4051
3468
1211
4028
3760
3103
1796
2103
126
1123
301
1235
3854
1713
2695
2642
2357
3860
379
2150
1242
3354
3991
767
1930
4364
3270
2739
2527
335
1248
382
4392
2219
2764
3335
570
708
2657
1798
4220
2033
4094
2404
923
1007
2192
864
4677
1427
4343
4555
3694
4162
1679
3598
1953
2253
2985
2067
345
233
4231
15
3891
1841
2611
4947
744
1928
2941
3503
4185
1734
870
423
3629
3451
3716
608
1096
226
2699
1238
582
2057
2995
795
2714
4609
1054
4281
3840
3783
2065
4084
3040
1204
3875
370
2822
2160
3570
485
1196
3359
3134
4603
357
4912
4746
4285
4096
2799
2320
3959
2098
4160
1003
3211
1605
2711
413
4108
4713
78
1053
3114
4425
3853
1963
1888
3003
2451
1009
4206
1215
1687
2775
4998
2388
4944
2669
1107
3455
652
1381
400
4058
2178
2308
192
1363
3050
3261
965
276
2109
3587
855
955
847
2460
430
2293
2854
3796
1933
2529
1177
3552
2637
1544
4785
3540
2555
189
1917
3106
3739
4305
4371
4529
3945
4775
4208
3958
3847
3775
1586
3677
873
1732
4157
604
982
3218
437
4904
2309
3172
2786
4867
4236
4898
2763
713
1989
2431
2444
4794
4618
1566
86
3294
3652
2825
4842
2304
3380
3538
3591
1684
412
1660
1722
3871
3301
143
4696
2768
79
3523
3715
3356
560
2137
521
19
748
531
2378
4027
2609
1777
209
2240
4545
2343
3322
4875
2073
1959
4978
762
4888
1981
3129
163
265
4615
937
4963
141
3393
1418
4293
562
4536
1629
4758
4012
324
1570
1058
2753
3563
1980
849
636
4044
4052
342
330
3417
758
1784
3155
2467
1486
4176
2410
975
1140
2568
3308
3510
1210
1865
2328
1498
2537
643
3733
1708
1601
2043
4348
1936
3911
3671
1532
580
1575
4213
804
3698
4761
915
1153
173
1382
3086
607
1622
2234
1513
827
971
3745
1395
2045
1031
1405
2432
2754
1597
1011
1958
322
2665
4284
3819
497
3346
3896
4139
913
2138
2203
492
1220
3804
594
2327
3708
1335
4418
71
2298
4538
3336
4501
356
2885
4347
960
1559
4733
4952
2448
1620
4072
1907
478
414
2895
3332
1484
4306
3450
4573
1659
2691
1900
4731
3390
2359
2870
452
574
1131
1645
1143
4055
4502
726
1534
526
4735
2128
2422
735
2636
2335
4455
2461
4177
1772
3360
780
4026
2722
54
2000
2361
3436
4526
622
891
1656
3836
1674
1961
1600
483
2766
1770
1667
4057
3545
3187
1195
1419
3328
3726
2659
3315
2832
3924
2036
1893
2593
84
533
449
362
3123
3925
1193
4640
3028
3995
4361
306
4270
4678
3470
1030
2843
1970
72
3852
4017
1159
1558
620
490
3547
1509
629
2211
1657
1369
235
58
2644
3092
4855
1117
2954
3604
3159
3981
4861
2087
791
1034
2355
2147
3884
4406
2542
1377
1024
4520
2551
2458
1662
2217
3850
773
2006
2488
155
1181
4170
2094
401
4809
1831
1998
4519
4589
3985
2026
732
1830
941
318
912
865
995
4910
4706
1119
4872
1128
1361
3340
1281
627
1402
1251
2602
1370
1969
3283
1294
453
2225
3256
970
4954
1090
4948
2808
2969
419
3886
883
2780
2514
409
2690
1531
3660
2101
2315
1311
969
4368
3377
2397
2907
2919
3125
3034
18
4465
3273
1716
1944
136
998
3197
743
2811
3546
210
4489
524
844
1357
3988
3969
503
4147
2715
4627
3646
4258
4431
2544
3401
4770
2023
314
445
3151
2132
1324
4943
3039
4878
135
1805
635
3685
3296
1437
4039
2238
4890
1078
297
4196
3997
1743
2677
2605
711
1280
3342
2398
4617
2134
1523
1677
3751
2693
2498
3830
1727
4698
1038
4241
3986
1390
3571
361
3089
2
2984
4781
456
2587
4825
2259
1287
3112
333
4460
2617
2828
4849
3350
3798
122
2145
91
3379
3001
2765
3345
4580
4151
462
3743
4164
3056
363
4551
1919
3799
2284
1130
4907
2354
2232
4230
403
903
3478
4788
4221
1547
375
1268
4899
3055
4552
2781
628
4154
1765
4045
2329
429
1960
4470
3194
1801
191
4375
1843
4192
1760
1563
1438
4886
4086
3612
2353
3424
4254
3606
1318
3603
4006
1070
2505
824
4099
3484
4766
4333
2923
1756
952
1109
2980
1577
1393
186
438
949
1828
4358
1103
3219
4300
1511
4503
3419
4784
1102
1046
4443
997
892
3403
2385
1214
1568
756
94
3761
2077
3554
3192
3688
4191
1658
1499
2678
1875
3349
1325
496
3240
918
3465
57
1730
1726
3487
656
4307
4660
4834
4473
2689
3475
1505
3384
3280
3236
3043
2712
3161
3887
3222
1191
1340
2046
2577
3411
2997
1249
2610
4414
2603
3290
3199
2440
2212
1374
978
420
3302
181
4711
3176
3246
2406
4787
4011
3906
1800
1489
3534
695
2894
264
3466
197
2142
4574
2426
2614
2594
1052
3757
1741
2400
4445
2878
2294
2272
3004
1115
1910
4844
204
242
991
3931
182
771
2311
3526
1138
4903
2948
508
2205
2157
4633
303
3844
2148
4331
4693
738
274
1399
2097
3370
547
3215
3846
312
2867
351
2151
848
765
1611
921
3970
368
3049
1886
2560
1852
41
4915
598
2629
1063
745
520
3630
273
1081
4676
637
1018
4646
2546
1406
4720
398
2880
2578
4272
3714
3983
3851
1763
4468
302
1400
3433
3848
698
148
4054
897
3454
4568
3259
2136
1350
320
1719
837
4873
2705
4268
4671
167
2545
3227
223
4862
4521
1670
816
2174
4811
463
2905
4395
3675
1180
2574
1574
3904
3728
2130
4964
3651
3205
2439
2596
4856
1414
1839
4053
1217
2868
938
2561
4577
2479
3859
737
4245
2702
461
2391
2511
3636
4195
3921
2286
1785
3150
4271
70
2427
1653
1745
3754
2082
4902
2237
1091
1000
2951
3177
2338
1870
2223
381
1790
3905
2052
455
9
1938
2062
3505
4303
2779
1149
4513
1122
928
1163
3674
1401
739
953
502
3943
3951
2961
2730
1179
1723
1748
4562
475
434
750
712
217
546
934
2003
1856
4033
3021
165
761
2436
3185
871
2783
157
3057
980
3026
4274
3101
4201
1462
4973
3320
3331
4327
149
590
1649
2351
4249
1812
4148
4043
3942
4224
4420
2125
396
4691
97
2179
1333
3412
3201
2662
2988
2791
1593
4688
201
2670
47
1150
2302
3434
220
4941
3839
2021
614
933
206
4777
3585
4928
4082
4246
1073
4799
638
2681
4984
1050
2337
4798
1469
35
200
4024
4299
551
2953
4328
1822
3987
2175
2199
3139
3014
2550
2595
2084
1890
4563
4754
1276
4121
889
2528
3098
2571
1175
2131
1351
1364
4204
236
331
1975
2772
1086
1621
1231
2586
3016
3136
133
2469
3618
1816
4200
1655
4447
4280
2434
1224
4265
3160
2515
338
1555
2152
2172
1599
1300
954
605
3121
2653
2580
3967
2903
215
2833
1935
660
2957
852
3509
123
2189
2846
2345
1806
2079
4957
4932
2898
469
4726
886
4852
2720
2055
1126
4635
2643
2322
2318
3816
243
3080
2215
1133
2814
2623
2704
3325
1278
319
3823
2899
1264
3148
1008
3562
642
1488
3937
2323
1761
1274
3643
4534
4600
4437
3247
4131
3994
2490
3778
528
1218
2011
3602
4689
1259
2184
1334
2562
4682
1014
3634
1759
4078
2292
1229
3863
1837
550
2522
2991
3918
1974
358
2803
112
4260
1349
1139
4523
3295
1282
2559
3822
4641
3508
3394
4146
2598
4426
443
4040
4527
2909
3025
1467
1255
4471
3327
2675
4830
1366
1897
3810
876
899
3337
2123
4991
693
2415
2198
4612
3042
3932
4533
2411
2206
3622
1811
1717
3406
4451
2069
3144
3811
4989
4226
1506
2465
2842
4
4621
2204
3432
3343
3512
1864
4186
3355
1389
2976
1237
3527
925
4102
1092
3495
1174
519
2317
583
2312
3441
3352
383
626
128
2852
3535
2412
1141
3115
2731
2143
4885
2050
4310
4132
1312
655
110
3032
2785
4152
4613
4968
4007
1715
3838
3768
770
4115
529
1409
3237
3786
3705
4266
3225
4895
4879
2738
4619
850
2777
427
3593
156
1341
1638
3443
3530
180
3439
1718
1854
1565
384
3051
984
3941
1347
3241
4780
3048
3856
3153
1142
4319
2588
499
4093
4923
63
1085
2661
4379
4951
625
4639
117
3422
4847
2104
3928
3191
1446
2589
1986
101
3544
3442
875
2053
3882
4631
2332
3067
3650
2864
3458
3046
3070
4085
2987
1898
1459
2170
820
4252
4261
1358
74
4227
894
257
2824
38
3568
4916
4679
1626
537
4188
2019
2251
1714
3120
2257
2701
650
4014
1391
688
900
3311
572
1581
3496
3316
428
1277
1962
3452
2747
3940
195
3371
2495
2620
641
1066
4537
458
1295
2810
172
3088
3869
1712
1863
3713
4604
4090
1082
3093
1044
4232
2896
4853
1434
789
2758
535
4180
822
2972
1700
657
2020
1610
2064
2471
2486
1043
4091
4783
4046
2009
2683
1329
3013
2564
2790
4642
4165
920
3558
4357
2089
2507
221
1847
2902
4869
4475
3936
1225
3522
4587
140
1517
2260
2815
764
640
3285
4684
2713
4407
3330
1682
2525
3365
942
4982
341
4509
365
2585
884
2342
768
3230
4439
3041
4517
2027
1651
4724
4237
246
4571
3082
3216
3309
4900
65
4103
3566
777
2127
2201
3753
3250
1385
624
1285
2901
4194
4486
517
4806
2083
3862
1464
4595
661
671
4583
3962
2947
3895
3488
96
4401
599
959
364
3926
2628
4553
728
2926
3948
4411
4095
1355
2797
4114
3915
936
4013
4298
187
1471
2796
981
2487
2762
893
2429
3740
1945
4251
3774
3865
3006
1859
4710
3833
3849
3576
1966
4345
3814
4782
2122
1728
4637
1598
4776
4630
4512
1207
2913
3801
3464
2242
716
4528
3690
3631
4835
1891
399
835
3248
4323
3600
3381
4762
1668
1699
3785
1939
4575
2414
4359
4277
2996
1595
2964
1520
1451
1127
4826
73
262
651
245
1136
926
2275
704
3749
1524
2424
3490
2278
2360
863
3078
860
2208
199
1455
2521
2153
3423
3037
4363
202
4741
2962
2300
2856
2524
4652
1680
4695
1652
4000
4797
2956
367
1176
2401
4464
686
3877
3521
1010
2612
1147
3363
1356
916
2182
1946
2767
4068
4124
4813
1
300
707
4979
4732
4889
7
4832
3300
4871
4887
2565
4623
1783
901
2708
4390
3978
4936
3641
4031
1495
1691
1116
4446
1134
4638
1232
4585
1964
2626
4288
2010
4247
3829
2866
2547
678
3344
705
1305
4628
1993
3666
433
369
3045
2372
1398
4543
2374
968
393
3720
3239
2196
1040
1254
1458
385
2295
4863
4786
3278
4810
843
1006
2496
234
4243
2745
1192
1309
1045
3287
4841
1089
700
2674
3498
1633
2541
391
2437
1352
674
1362
1787
4228
162
3162
3258
999
504
408
4179
2492
184
4822
4747
4074
1634
4128
4567
710
4362
1628
1236
451
2697
4301
3375
4624
507
2717
1424
39
4161
4457
2186
1240
4089
4453
1062
147
3111
3193
2141
1379
3297
3917
2750
714
3821
2265
1197
4933
4229
3282
905
1988
2967
3213
4722
2102
1111
4314
530
1048
3532
346
4961
4506
2243
1027
4744
4399
2622
3550
3617
3286
2965
2974
1378
2185
4975
4576
3549
3119
3750
150
3053
3648
1201
154
3474
1450
4430
821
3279
3174
4397
2227
512
4653
4620
432
3361
3553
4143
2216
3597
270
935
280
1323
3142
3922
2133
2532
4634
1576
701
2597
85
339
4267
4253
4729
563
866
1415
1752
83
2971
4500
1918
3902
4042
402
4032
2649
4901
1973
1243
4324
683
2001
2076
3231
4672
2349
3519
2477
2258
3927
3083
2536
3866
1561
2983
3912
1927
1557
1121
2181
2194
4255
950
12
3002
3770
782
4918
4067
2601
3684
2517
1337
4209
4384
3031
4773
4685
3947
1780
4088
4953
2740
3033
151
100
459
2774
3762
3968
2743
4244
4367
2908
2554
4742
2016
2110
1521
3746
2197
681
3564
327
536
4454
4436
947
3477
2063
4211
4116
4106
1987
4380
2048
2468
4320
4009
4398
3299
556
4819
4723
1261
258
4719
2994
677
3243
407
3800
1851
763
4419
3960
2484
3706
1137
289
944
2955
2095
3769
1802
46
4725
2348
108
842
45
266
305
4602
813
2375
4497
5
1607
2761
3803
801
3396
2512
2381
2696
237
4657
3298
3446
1057
2270
4150
4292
2703
4434
1950
2938
4833
1583
1431
2116
1924
4137
3415
1166
4544
4173
4650
2264
326
4986
856
963
2847
4751
2008
3274
4588
1223
4183
1032
3307
3180
3481
3930
1807
2973
328
1185
144
3473
2129
4476
2718
1954
983
1423
1849
4905
178
1015
4796
3794
4976
498
4670
2108
2736
474
203
464
3165
284
1466
1782
1172
4881
1824
1059
3497
410
2180
4816
2992
4674
1507
3019
1606
4350
2540
810
2485
377
80
1786
1330
3074
1308
4942
2520
2935
2493
3620
930
3888
2366
3266
2960
177
1168
1646
1880
4488
1779
3224
514
3304
3572
1733
2352
3291
2139
1501
4955
3314
3124
196
740
2660
3790
2231
1320
4021
1336
3701
272
2004
2135
2802
89
2650
4532
421
4156
851
3022
4718
4648
1755
4402
1515
4081
4749
1736
1860
3682
313
3734
20
261
481
1042
4167
1183
353
564
2305
405
557
922
4136
1293
1244
99
4308
390
36
1279
3980
3595
171
4060
4759
4155
3735
4831
1965
1105
2523
840
2800
1915
4959
2645
1663
279
3511
174
4854
4990
1068
1245
22
543
1061
4645
2390
1846
3556
441
3738
2007
1012
3632
4063
1299
3613
3303
4605
1516
1178
3624
268
4598
4756
1026
4801
4824
3782
2506
493
3990
3188
2288
4504
4107
1834
3117
4703
3132
2592
1019
3109
4389
2801
2530
3306
3097
4412
3047
4485
3752
1887
4144
105
3909
4727
317
798
4365
1934
4662
4764
648
4945
2164
752
3731
4697
682
3324
3536
2321
1360
4655
4366
1500
450
1101
1794
2556
2716
3767
1200
1256
3029
1640
198
435
4803
2245
2826
1754
1705
513
3387
1100
4193
4586
373
1729
4531
1367
3954
569
4335
3663
749
3293
1711
3072
3410
207
392
4864
2169
2682
2058
3747
595
1407
3152
2809
3245
4189
2371
1829
3405
2510
4487
1095
3388
2296
4779
706
350
2835
2262
830
733
1394
644
3874
3118
4859
2576
4491
1884
4059
1327
2380
4444
2070
522
55
1069
1827
3817
1815
1908
1688
1636
4683
3673
1461
854
3996
1221
3081
1818
2405
857
4680
4396
1912
67
4987
3781
948
406
1252
2384
75
3607
1941
3116
103
540
2906
1644
1881
3999
3235
4484
3661
316
4892
4962
3976
902
591
914
662
170
1023
3137
2619
4098
600
3472
1742
4608
311
3020
2450
819
2912
3426
467
817
2865
2940
3012
3881
694
1550
3507
4743
3565
2383
961
49
806
799
1861
81
4207
211
183
1029
3621
4427
1315
3699
2188
727
417
3779
3313
2782
304
4549
887
256
3609
4004
4223
4601
1216
2741
2950
4558
4850
216
3765
2624
2518
4129
2331
2210
587
4496
1453
3169
788
1913
4349
4606
1125
2549
4789
3664
4479
699
3861
2273
4675
2922
554
4133
1429
1182
3024
1540
4820
4917
2051
4101
803
3104
2162
3141
919
836
972
2921
1899
1871
4010
619
3501
2910
24
3578
3087
1681
3366
2080
1322
2156
4289
231
2893
2819
1420
2616
3447
2633
3435
1858
77
3485
2118
2639
2090
2652
4079
1433
4687
3711
2096
3965
308
2056
1692
1572
3321
4385
3008
2877
354
2266
1189
639
571
2993
4707
2228
2784
3679
1972
4566
1879
2452
1227
877
1120
4158
4702
4664
3181
1764
3208
3845
4699
4572
654
2959
2117
3500
52
2655
1087
3561
2307
2220
3973
4135
3367
3820
4570
4259
3079
3425
1791
34
4837
1425
1931
4974
111
4210
2421
781
2365
2778
4597
2356
2816
3736
623
3333
4315
718
66
2861
1002
3914
1316
4018
482
440
515
4334
630
2017
790
3122
2651
2920
4442
3759
48
1392
2115
1353
1809
1478
293
479
2685
1955
1920
4499
3894
3226
3555
3626
282
3420
21
4337
2857
3489
3249
4168
3312
205
2827
4235
3357
3678
1110
1408
2837
4064
1627
890
4422
618
3748
3680
3154
3277
3444
1612
2325
3697
3615
1991
1979
4225
164
734
1857
3616
290
2881
2936
1388
1819
1564
2418
2149
32
2759
2314
4778
523
388
1397
3353
4913
2283
3244
3665
106
1288
1432
1582
1799
1609
4149
2795
2241
4378
3575
2018
2839
4977
3551
3397
4404
1676
4302
489
3873
754
4181
4690
986
4393
3386
2543
2213
1265
3588
3457
3599
4340
689
2606
3586
3179
1617
1260
3289
3858
3073
4622
371
2646
4516
3271
4616
3140
11
3339
4376
2566
448
4921
1587
3221
2287
4767
784
3955
2844
4658
3158
4087
4730
2726
3066
2986
2282
973
348
2472
2535
2334
2024
4304
2255
3036
3520
1673
1417
2604
3837
1835
4559
2813
4938
1697
3640
2037
665
3428
3741
3091
729
753
2455
1615
491
3407
4505
2855
717
4911
4750
208
4865
3228
2428
511
3696
2680
1580
541
1892
1821
3476
549
13
831
4459
3763
2888
2297
2316
2900
3963
658
1735
2721
2501
976
3264
1585
4769
2158
1497
1689
1768
2313
4876
1543
646
731
4037
4490
4896
1331
343
1310
3147
2751
278
2480
4381
1492
3486
3207
3719
4592
1590
2310
3338
1064
3525
2344
3944
2409
576
794
1354
3459
3961
4560
332
2821
40
263
4248
1307
4142
4654
250
3265
979
2502
3493
2848
3376
2326
27
3812
2830
539
3908
2648
1648
104
895
1157
471
2706
3253
3919
1067
2229
4582
853
3499
1005
477
1443
4202
2928
2621
349
1051
3166
329
1793
129
3035
3541
2647
1212
2818
8
4970
2291
3090
1569
2280
621
548
4478
2230
1669
3203
2473
4387
1883
1135
4632
2769
2676
2336
3107
989
3771
1738
4508
118
2608
2443
2111
4122
1104
4217
2494
2584
4522
2531
675
2324
3832
2453
4908
3076
2285
3398
4410
1789
3462
2874
4686
2570
1949
1901
3276
1665
1234
774
4080
4290
1542
1639
1740
4924
248
2882
1404
1164
1203
1071
3807
2755
1152
90
3543
1303
1283
1190
1481
1502
673
1909
2221
1456
4494
2871
3347
3017
2154
2224
3131
1894
1706
2482
2889
1675
2155
4263
355
69
985
1589
1421
1132
4391
4047
584
4548
4565
1396
4138
542
2552
4980
3557
2945
4868
3667
3492
3232
3828
772
722
1767
2939
424
3060
4269
4607
2105
2949
4510
787
2377
841
4374
1546
4034
3815
3146
134
3764
3402
2177
588
4728
1428
676
4709
3579
378
833
1642
2850
993
4828
3584
1983
1269
3326
25
3843
4893
4370
4279
488
2806
2247
119
1527
945
3723
3514
4438
917
4456
1435
4643
4897
2600
2235
4125
1903
2061
347
2395
1906
878
4994
16
2508
4524
4339
4250
907
3580
4969
898
3145
1758
3463
3217
1271
1951
166
3272
3704
4325
1878
2071
1270
4760
1514
1022
1942
2166
3979
3795
325
1145
1017
1094
439
253
2744
1885
1992
4993
3876
2267
175
4734
691
4829
4002
2841
2106
825
4403
1055
4356
1284
3015
4413
4219
4190
2263
185
3989
3949
1518
862
4097
2757
1025
2932
645
1571
1080
4981
2250
4218
3528
2269
687
3964
4330
1074
2862
159
3065
4593
1314
956
1985
3695
1683
3275
2030
4692
2658
3971
1332
4594
484
823
2254
44
3054
1526
3732
4745
4257
610
1426
4661
3319
725
1836
2425
2975
2022
1753
1372
29
3212
966
2209
1156
1977
2724
2041
2770
2389
566
2859
4958
1033
3413
696
2698
3011
4985
4450
4238
61
2667
116
2793
3802
2807
1206
2788
2615
2462
3009
1493
1916
1536
3700
719
2998
2476
4656
494
4294
2968
115
1412
1041
1701
609
4172
838
3461
193
3190
3196
298
4611
1072
2499
3577
3204
1219
1442
4807
4092
287
3793
2190
3038
3479
315
4477
259
3440
3539
1853
4336
2074
4076
2725
1004
68
2121
2687
190
3722
2433
2193
3242
95
1410
828
4999
3627
4845
4931
592
1739
3223
1795
4153
395
2456
2191
692
359
102
1368
1823
2124
239
1301
3445
2749
4805
4721
1083
2924
1579
3317
267
337
436
158
4539
1266
1403
3533
1473
1984
703
3105
4435
668
425
1348
4530
4205
1342
394
1788
76
2876
251
4069
404
859
4757
1731
4355
885
2014
3601
4256
4498
3644
3130
4433
724
3173
4119
1797
3672
3898
3374
372
3559
3334
4935
3186
3712
730
3233
1775
10
1292
3953
3900
294
82
4394
1345
3567
4175
723
2684
1813
1914
3482
3010
3135
720
2509
2794
486
4480
4329
4651
2981
911
292
3718
4066
1810
832
577
2963
1504
601
1826
295
4383
2099
1535
4351
2015
4790
4823
3254
1533
4644
252
4110
2727
51
1724
1666
3094
2416
2012
888
2534
2635
2112
647
307
120
2553
3614
1720
2113
3238
3583
3788
2464
2068
4321
4215
3605
1436
3163
2943
2249
680
861
2978
3409
480
990
132
1494
2202
1338
3825
567
4145
1591
3071
2752
4061
1539
593
4939
3582
741
4971
589
42
1937
3269
1766
254
3391
3518
1808
2031
2569
3935
2407
2306
1263
1696
60
3772
4515
2092
1476
1422
881
4441
1866
3992
1386
3268
4282
4996
1549
1482
2489
386
4663
869
3234
792
1872
30
2173
3721
2664
585
366
2403
2279
3389
1483
3933
559
4860
4354
4882
3879
2927
1060
2641
213
4070
1990
992
4547
4467
1387
3913
679
553
4791
946
4019
1479
2346
568
387
3164
1344
3977
130
4474
4940
1485
1943
3052
3611
1647
845
2851
1525
3787
4739
2303
2820
2666
3516
2946
3414
2812
4377
2613
3592
2369
1545
4199
2347
3653
2233
2787
4130
4449
1247
2085
3855
3623
1056
4041
3257
3524
1996
2875
1373
4768
2438
4105
2387
3662
3966
3560
2165
1452
3062
247
23
4884
3645
3491
2470
834
4264
2773
4134
532
4075
2838
1496
3974
2686
1239
1202
2364
4100
422
3834
3656
2503
1747
3018
1170
28
3956
1664
3692
2066
33
906
2200
1725
1441
617
2654
4737
3610
2207
3758
987
994
3737
1165
2668
109
1444
3657
26
3923
2982
943
2376
1702
1618
3263
1158
4030
2634
4584
1460
812
2350
4117
310
169
2005
1995
244
775
4919
612
4736
4714
2474
996
446
2539
3633
3934
2093
275
1273
2271
3916
4753
3318
3993
1838
2873
664
2575
874
137
2038
2792
4283
2933
4346
4342
3143
37
3654
1487
3594
3777
238
2728
1976
2891
2723
4880
1124
3946
3689
3515
879
2538
3789
3972
2248
1380
3773
2100
2367
2719
3058
2557
4483
667
214
291
581
3206
1457
3808
3167
2386
4262
3939
3950
2417
1588
3341
2709
3901
1470
4821
4712
281
50
1258
1932
17
131
2236
4312
3480
3596
4408
2631
225
2884
3214
415
1971
1698
1825
3437
1967
534
663
558
3059
2491
3084
2925
606
1028
807
3085
3573
1447
240
2268
3077
4495
505
4240
3195
1118
1186
4035
1173
4636
4234
1556
4556
3061
613
4667
1113
575
2853
1774
578
1744
4883
4008
3323
4681
2746
4077
3725
2419
1842
340
1416
1529
4048
3883
811
2299
2671
1106
3813
1792
808
2047
1129
59
1445
4930
2187
1077
2319
2707
1512
672
2930
2441
2163
495
1319
2341
2966
2627
586
4440
1161
670
3642
43
1923
1475
4111
2042
632
4421
3502
932
4493
334
910
2700
4338
1845
3687
4432
4003
3007
468
1480
4934
2368
1584
3494
3183
286
1198
1228
4843
1560
596
3529
4666
1643
323
751
927
4352
4029
2442
4755
4015
3842
1413
4909
139
3418
4461
759
1365
4817
3892
4382
4906
2446
858
2028
690
2330
2256
868
2025
296
2582
2392
793
1541
565
1020
3156
4297
2989
3329
1267
4540
1241
2301
615
4578
3766
839
4452
4233
88
1947
1146
3686
1548
4405
2445
3806
1602
4995
2002
2548
579
411
4625
2466
1302
1297
3075
3373
2475
1650
4614
500
3637
3659
2435
285
3133
1199
152
460
1889
4814
518
1573
3100
3251
4463
1291
573
1710
2340
4001
4216
1773
3868
4127
4927
389
4005
769
4877
1982
4016
3399
786
527
778
1375
269
4242
1519
416
1528
3005
418
431
1155
1737
538
2399
1084
4344
3395
2817
3975
1208
1289
2114
1905
2904
3429
2742
1383
785
4140
3392
4400
1328
1873
2567
2911
4120
829
1448
4839
633
3744
4295
3878
1686
2379
4836
470
3670
2732
3431
561
4507
4956
4332
1803
1226
2929
3385
2533
2086
2823
3742
3351
967
380
1250
352
742
1956
1721
3864
3504
1781
602
3408
4581
2382
4020
2632
3681
3755
4591
4417
3364
218
3982
2119
669
958
3430
376
2500
2504
2394
2039
736
142
977
747
1817
800
3756
2937
3542
1257
3589
1596
1537
3138
1654
1978
2358
1709
1921
1567
3702
4469
2558
1623
2897
4275
4309
2274
2034
146
160
2710
872
4481
666
2760
1862
2958
2756
1778
3693
814
249
962
1641
1510
846
2771
2688
4669
2917
3952
31
4771
684
2845
4429
1948
4050
2339
2915
2599
880
1160
1632
2979
1625
4838
3200
4023
4276
4599
2430
1079
1562
2126
1205
4291
2607
2040
2886
2413
882
4812
222
4083
4525
1867
2952
4287
4629
1286
2454
3717
2836
1704
2579
4203
4353
2289
653
4514
3378
2078
2075
2029
454
797
2483
1578
4341
4313
1554
3938
3590
4891
3170
2013
3209
3889
4673
1693
3310
3581
4317
1877
1490
3099
2640
3171
1608
2789
3471
1262
4278
4171
964
4316
4214
3635
56
3885
1321
1472
1016
597
3703
3831
1001
4925
5000
2883
1343
796
4296
3427
2776
2261
4748
179
457
3647
188
1994
4388
4386
3262
3372
3448
3030
3421
4715
4647
4668
4141
1246
2146
4815
815
1776
344
4704
4482
4448
2072
4800
2516
2879
2829
1049
649
2447
