140
260
369
245
76
37
242
426
4
109
424
52
209
351
231
259
236
14
362
46
343
19
499
305
485
337
318
99
353
399
196
397
131
396
326
387
26
194
74
152
488
192
493
228
213
78
75
204
428
169
372
27
361
352
249
142
411
378
102
168
329
394
380
1
281
239
90
161
315
342
173
79
36
83
244
57
494
87
243
423
238
122
56
355
218
349
284
147
144
415
23
321
180
164
96
310
191
121
490
157
487
429
145
339
447
367
473
233
331
253
62
458
276
347
391
430
50
124
452
254
156
9
295
205
268
389
187
226
368
264
135
356
308
127
45
155
425
132
495
240
313
255
314
98
376
462
104
137
427
256
404
44
69
113
416
30
126
41
185
346
481
84
283
89
478
24
118
408
470
444
363
61
232
215
454
167
261
377
29
482
395
181
15
77
500
469
392
66
455
286
388
150
375
25
359
464
463
421
263
307
20
58
434
162
401
67
227
120
133
323
154
285
188
277
139
262
386
42
248
177
373
115
34
291
54
312
220
293
327
400
108
484
216
357
165
13
8
335
112
86
448
461
384
328
402
405
371
280
442
436
364
365
189
43
417
450
91
33
153
107
431
130
412
474
123
290
2
160
456
38
193
422
338
92
492
247
230
22
433
446
221
476
301
287
341
65
183
223
207
398
176
234
95
381
175
55
134
146
103
496
166
80
393
93
163
440
81
324
172
299
279
477
82
497
443
435
32
320
480
292
129
11
68
35
453
274
229
498
40
117
471
7
251
257
271
465
6
64
382
319
438
101
51
437
302
451
197
282
184
125
47
459
174
178
208
403
374
158
114
407
258
325
330
110
18
17
3
171
489
170
278
138
358
298
195
419
71
439
345
225
211
235
128
340
179
200
72
265
296
409
294
250
332
217
48
269
344
73
28
445
70
288
214
336
31
273
432
317
306
472
21
270
241
39
111
333
182
275
63
219
289
97
85
383
267
379
237
151
143
309
370
149
119
136
390
206
212
203
16
224
467
116
60
266
252
304
141
366
410
199
311
491
418
106
186
49
457
202
479
385
449
198
468
105
303
360
159
475
460
210
441
350
88
246
201
94
406
59
348
190
316
420
414
300
486
53
272
12
297
413
148
322
466
483
334
222
10
5
354
100
