6071
6617
2721
658
6223
1323
6571
2517
807
5406
2127
343
6141
2745
2307
4358
5573
4251
6834
325
6392
4581
5755
6715
4931
4090
605
6591
2960
755
3173
3366
1177
6218
5802
6085
6648
6131
1993
339
126
4281
5632
6892
202
6387
6463
5376
6878
276
6373
6408
2685
5020
72
4590
4108
918
4698
4545
3124
2019
4294
3470
1489
1062
6365
4076
3355
6128
4986
4847
1747
1903
1929
6673
1875
3782
4035
1829
2383
418
1998
894
1394
2221
2598
1914
3881
4862
554
4212
2757
2586
4297
4136
4923
1209
3597
1393
533
5949
3962
3311
5964
1036
3509
6612
5491
1139
2355
6575
5516
5541
1893
1338
6372
5378
728
1078
6729
539
6339
5767
1339
5983
2185
4794
1023
144
2834
5722
6833
2513
2281
4798
1342
4355
120
3974
3123
6873
3059
2987
6006
4728
409
5414
6906
1699
4305
1979
6231
5100
5396
2119
763
6482
1802
2285
1812
3543
1126
4269
6670
5664
925
5982
1725
177
6322
2862
4591
5753
2340
4444
2507
662
396
1304
6802
378
3995
1987
6180
5661
5161
2620
4568
6868
83
752
2581
2730
3307
2554
4370
2889
5745
5886
927
2572
3043
848
2632
3185
4489
4882
5017
4648
4770
6168
4996
5959
3375
4241
3364
6777
2234
2506
6935
2657
1129
4128
1715
2869
2005
30
6161
5778
6012
2129
926
975
4345
3083
1332
4680
2365
3076
249
5027
5845
5738
439
2171
2650
2916
3341
3305
3128
6707
1709
1378
549
5432
3276
2433
4915
1749
2369
1347
581
3275
184
4757
697
6919
218
6038
475
3569
1865
206
4378
2943
3377
2866
6336
4041
79
213
3103
6004
2523
2215
5317
5501
494
1239
6453
4671
3985
4228
911
4334
1732
3213
6129
3548
668
4801
3401
6164
6586
1856
1965
904
2407
3915
2142
2451
5467
1361
2310
781
4240
4989
2296
4473
6452
3593
226
6790
6177
6145
3458
5092
4727
2445
152
5589
1470
4061
6227
2558
292
4100
4705
5689
3040
6113
5157
4364
3583
301
4726
6927
2774
5640
3255
3137
557
2688
3015
2328
500
5861
6754
6154
1528
4834
6850
3609
4430
2075
3473
1628
5243
1658
6175
5197
2961
5232
718
5162
3762
5552
4958
6246
3936
5963
173
6662
5939
3973
4356
5538
445
1196
1248
6529
1080
4748
785
1859
4019
6555
6518
2409
5130
906
2212
3580
3736
4937
118
2011
1325
1742
6981
4363
898
4111
3422
3120
3420
6435
3092
795
4639
275
2319
5327
2029
3742
5784
1044
4260
5024
3677
2400
4028
6205
3095
4811
6840
5937
3806
2072
3953
758
2343
772
1898
3916
4813
3045
934
810
5234
2990
3888
3837
4254
2747
3345
3129
4953
1804
5708
4823
4267
651
5611
5607
5342
1735
4701
2349
6384
5583
4938
2876
3661
5253
4483
3418
6948
6318
5644
1640
3239
464
4887
6317
4214
3403
2697
1688
1037
3460
326
4550
6564
536
5476
6509
4519
6542
4677
847
2124
5040
6860
4431
5085
558
5103
2922
1368
6511
6461
3608
6315
3250
6731
6668
3939
2530
6475
2925
527
4393
468
6301
2218
4187
3565
3419
4714
377
6504
238
2564
4261
2201
4635
3707
5560
591
2083
866
5828
2772
4978
3219
3810
5377
3068
4520
5091
5051
2073
2033
6499
5724
6136
598
1253
2156
3564
3232
525
5740
3479
6686
5453
2306
1622
1306
5739
6751
2873
932
3538
5302
6989
2044
2153
2548
2219
2128
6522
1107
6669
3093
5160
6543
3448
5322
836
3719
6771
481
5800
3430
1507
2543
5779
1909
5691
1504
3557
5368
6083
5968
4404
280
3675
6941
1423
5184
385
4476
344
5725
4775
4173
6294
5860
2403
1273
5446
2287
236
6216
5830
1952
5370
3657
6449
3513
5676
3035
5634
6337
1509
254
4046
4799
4394
2769
5710
4167
1346
3484
3165
1946
6757
381
2498
568
2874
4289
4634
6961
754
1415
6467
6735
1869
4144
4298
4807
3923
2006
324
5804
842
779
3052
5194
1377
3796
6432
3846
4924
3612
6510
1977
4134
3481
2989
149
2358
3596
5107
2855
1305
5719
6527
5851
4929
2475
5204
6409
1173
2115
6179
1879
2023
6415
5062
1020
2952
263
3536
6074
1404
5053
719
5305
4623
2244
6666
5109
516
3370
4780
3578
4962
1777
912
6040
5174
4573
5679
6360
5840
6054
3496
1992
5528
1676
3278
4193
6764
5773
4765
6132
2648
6886
1980
6999
649
4052
6530
6763
352
4857
2863
2881
6102
1260
101
2844
5596
5628
5835
4151
1136
2196
6192
1719
1399
128
6206
6596
482
347
1372
6946
3562
207
6183
6614
4443
6985
6214
5460
2036
5294
272
3809
2643
5093
5996
2509
5371
3347
2300
6359
3207
2337
4159
1218
6625
852
771
5639
2766
477
3231
6201
1585
1848
2603
5542
356
1758
4532
138
6737
5796
1546
2680
6280
2645
2957
6577
169
1014
2966
5892
3439
5940
488
6178
4104
3880
1964
2344
5060
4838
4202
4579
829
3153
2399
2623
5669
1692
4386
4225
4802
751
2327
4339
3525
5412
6403
130
3667
3984
480
2995
4935
3856
4518
1437
3339
1411
4767
4685
1100
1900
2923
3757
4551
4956
1320
223
4432
989
1034
812
2330
6051
6817
6134
2277
566
74
3650
371
5084
2090
4679
6940
4088
2092
3750
3337
5141
3542
710
6047
4687
3306
1244
311
1405
1077
1280
6240
5490
3937
2012
6592
5355
2900
1912
5839
5856
2969
4232
5421
188
910
428
3395
1884
6533
3174
5006
4210
16
463
2993
3062
1475
4632
3882
489
5643
690
6343
1353
3666
4330
4783
2669
5461
3793
5124
2913
256
4284
1243
444
940
2902
4697
5335
4099
5237
3615
6683
1079
5816
5451
3625
5358
5603
2397
4306
5627
2964
3061
3360
1705
2347
5880
5875
2294
3764
6394
5308
6900
168
5635
3872
6828
2286
2875
3685
3253
1950
513
1147
1029
5550
4524
2170
257
3517
1233
2978
304
2794
4892
2209
6090
2135
2756
1272
2887
4852
6326
5760
3127
4850
3556
4873
6348
6857
374
3822
1857
4045
3242
6120
2737
2458
5149
421
5395
5513
1392
1788
2910
5236
2223
6839
1270
3335
4791
2437
6772
6416
3727
2565
476
4725
4133
3874
3573
978
982
5462
6976
540
6063
672
2997
5036
3501
5087
2380
6626
4942
5126
543
5409
6241
2302
122
2191
528
6573
5805
1904
2396
5770
2183
495
6351
6821
3402
1854
3961
3922
3547
585
4555
6836
1958
622
4669
576
1752
5527
4609
1134
2200
4663
5953
2880
2346
4839
2015
1055
143
1440
5222
2130
6803
2275
4366
6968
3689
6312
6578
6549
2830
6663
3571
6354
4821
1007
5125
4844
5152
4694
2233
2199
1760
4522
3332
5526
3863
58
823
4094
903
1970
4295
6535
4904
4309
1796
1170
361
5231
3825
1563
2570
5680
4116
6998
1476
5193
5530
51
570
3284
2770
6478
1128
3519
6314
6650
4835
4704
406
197
1032
2897
5718
2193
1163
5500
6370
12
3008
1165
4712
4600
6853
5450
1656
889
888
5380
4571
1365
5667
345
501
4004
5885
2110
6973
471
4925
5172
4871
6991
4371
113
623
4247
3737
4895
5486
5307
3941
5065
4654
3903
4416
6693
5498
5521
1527
6386
6190
214
4469
5716
4754
4864
1414
3952
2338
5616
6098
4491
4881
2511
2724
5229
5311
2108
6035
5511
2320
999
3921
941
6871
3720
2839
1686
2487
4227
2686
4747
5488
5037
5848
1045
6570
5334
4974
5482
5900
2247
497
6643
4266
1500
3683
4512
5794
4589
5282
246
6018
2377
1104
4897
6964
6748
2612
6747
5962
2435
5519
1406
6554
4605
5702
91
270
243
141
2254
907
2067
3177
4106
315
3619
6891
4531
534
306
6187
871
3196
2188
3047
1897
4025
2010
4628
6285
1060
6290
2136
5748
2410
5015
4138
5067
1750
6597
195
23
1768
3379
2578
5734
2259
6084
3005
4659
2837
2203
1953
2553
696
11
6517
596
247
4105
3832
198
6755
3959
6524
4313
5293
573
5876
2039
950
6807
6293
5220
2336
6671
4273
3813
4713
3535
1135
5610
2818
6928
1266
2670
3235
635
3991
1741
5178
3932
3007
135
5709
6689
4293
1481
1348
5726
6990
2082
5275
1418
2878
617
2356
4994
4426
5313
6156
2389
490
2505
6819
268
5544
5497
4077
6073
129
4079
6675
4729
5179
2784
4759
170
6213
1050
2778
4123
3566
1694
179
4211
3238
1028
2926
4784
3913
1161
2453
455
1351
683
2575
2081
5637
5099
5492
3521
5332
4580
5598
6705
267
974
3414
1194
2840
3518
5547
1731
5185
3802
1375
6221
2860
1902
4459
3266
519
579
2157
1247
4950
2492
5665
4018
5279
3628
6505
1832
1807
6324
5525
2123
4285
5693
5228
4131
5543
4115
4792
4574
2934
3094
3829
5593
4803
4742
6379
1557
309
2195
1152
1931
1228
2979
5211
6516
4480
730
3898
1301
2101
4502
3808
1948
2678
1588
908
3967
2976
2074
4063
4749
250
6913
5921
5483
929
350
6963
6659
3457
2459
5277
6284
3834
2490
3540
3830
6899
5714
6606
4569
3157
3815
1940
2175
1636
3412
4808
2497
2695
3244
6490
2353
3627
3649
6645
1564
6277
6039
2132
5578
634
2529
5867
240
1149
4917
210
3468
1341
1939
4367
1661
6844
5485
3765
1871
3620
5066
330
458
4647
4546
6744
2192
3805
6282
4874
453
1123
6609
6621
6602
1193
1153
712
5706
2190
3289
618
4886
1691
4854
704
5424
1438
92
237
1724
869
3273
3926
3909
3955
675
3090
3944
1626
3126
2411
1629
5820
552
5970
6448
4814
2846
1291
3416
151
5651
259
2499
4715
1581
5394
2562
6225
6226
1156
3279
6987
6094
2555
5746
5652
680
1118
4845
2217
3464
1245
1978
4618
3695
4055
6943
4494
6436
467
6297
1035
3466
3877
107
6952
2662
4034
4481
4450
5609
4475
3702
1703
5175
998
786
5852
691
1256
3885
5522
1407
5206
5088
4756
2443
1810
3816
422
4056
341
3638
6959
278
3560
1113
1976
3827
3838
3285
6258
4326
21
2350
4594
4071
1789
5896
1552
5531
6426
6553
3312
5905
1781
6419
861
3240
362
1008
1178
2797
2009
244
5182
1560
2600
6174
5076
1739
1011
234
3350
6795
57
5474
3205
4652
2387
6703
1004
6279
4460
1419
1519
4032
3074
2720
4119
5786
239
1074
1224
3781
2268
6812
121
5774
1790
1449
6401
27
4849
5077
5122
2174
4164
1983
3283
641
2488
3317
1478
6971
4977
1653
739
6531
6341
103
323
3413
6462
3234
133
6883
4572
5201
4896
6397
2500
2536
13
5212
3348
5039
2613
5795
2941
5151
3230
620
1021
4514
412
3731
6428
5127
4145
6583
2582
5464
4152
1895
3997
2138
3144
2267
4722
997
5369
2085
6474
3001
2991
5081
1559
6438
593
2311
3725
3374
5454
1844
2776
5154
2975
6893
5018
5135
4922
1849
6966
6133
6362
3315
1634
1013
4599
5855
1026
3114
6624
2528
1561
5281
2166
5829
5580
4026
507
5631
1798
6347
1056
872
1421
4458
6541
448
964
2440
1867
2242
3071
1986
4304
3300
3708
703
2508
6632
5082
515
955
5868
5417
4744
2000
2469
4349
3102
1255
175
4528
1317
2950
6720
4157
416
6092
6107
2444
6874
4957
2418
3642
1199
277
6023
6222
4665
1766
1180
4219
2269
5155
6766
1263
3735
5144
215
2962
6451
1075
826
1383
6697
4316
2636
944
2668
6266
2584
4121
1578
3954
46
1650
1663
2958
3206
2065
1119
3949
6895
5623
3563
5908
5426
305
1590
3365
5608
4963
5793
1480
6778
3687
5507
6676
5986
1203
6785
2442
1660
2843
6534
5826
432
1935
4328
3665
957
3361
4312
1127
3550
6097
5156
2831
3189
6002
1610
1487
1337
5903
3046
3912
2642
4477
1635
6709
1090
3357
6111
3729
2263
1580
2372
5224
4833
2450
4229
4395
4008
6528
2237
5842
5407
5768
53
429
768
4178
1319
140
2646
1745
4092
694
3320
6162
884
5145
4796
3314
6742
2364
6407
3645
2714
6257
4782
5330
318
2801
3325
4662
4868
5626
5539
2758
8
2125
6125
3512
2672
988
3493
6172
2675
1088
5843
6363
5948
2871
4373
6655
4969
6536
2478
6825
5023
4858
4562
2484
3060
2622
6493
391
1556
6595
414
3999
642
109
4114
3610
1025
3840
241
1738
1717
5506
3637
1736
4252
5941
6979
2939
2028
2750
4017
6546
3149
6810
4182
1872
4851
6469
3738
2835
1701
2056
5280
4230
1420
5807
6608
3343
3096
6104
2905
3362
5031
5033
1651
2020
3631
2556
2832
4583
2266
1279
2002
2738
4789
1755
6059
4734
4755
1356
3152
116
592
1510
6356
5998
245
632
3758
4023
6492
2324
6649
5495
2038
4080
4325
1087
3434
2804
6089
6230
2948
457
2088
3384
316
1890
4307
2807
4417
4608
5672
1133
2176
6619
4338
6212
6251
3017
3290
6186
2765
2550
5030
6303
971
6411
1085
3760
3749
4604
4869
3902
5413
6082
917
388
853
3298
1434
4412
4517
5883
3243
5991
3759
2326
5404
6031
178
4279
6665
2361
4160
2420
1543
961
5822
4672
3427
723
5987
2107
5562
2394
493
5744
5927
5196
3622
6975
4397
5821
1989
1600
3828
3172
33
3223
6680
4038
1794
954
4118
1975
4222
5604
5329
921
1125
19
3679
913
3485
5441
1384
572
1433
1957
6890
3861
717
3606
1822
5314
602
25
3308
5591
5572
2064
4761
6431
3229
6067
5105
99
56
2154
295
6523
3773
4013
2520
6779
2867
100
3212
6110
2241
508
3925
3452
3680
4658
1734
3192
5857
4054
4086
3779
541
5106
5392
1124
4226
4059
5594
5436
1570
4126
59
1001
1275
3151
6255
5208
5776
3709
5586
5688
3326
285
2973
3966
4575
2486
3446
1754
551
542
6118
1526
6080
3901
2145
1082
559
833
865
5346
6713
2182
3576
6418
6550
3139
652
3868
5094
5557
5732
3262
2633
2292
3069
5694
6248
3399
4533
1706
5410
5496
3089
5266
4486
1251
2374
1189
800
5359
4400
4540
4686
3299
770
6934
6992
4933
5010
2703
4357
4797
5203
665
157
2222
6061
749
6489
5463
6910
4975
1518
5320
2042
5291
1146
992
4620
3086
743
6389
1098
4750
4980
5487
6629
6687
111
5600
2291
3078
5838
3723
4860
2514
2449
3942
1579
5362
2763
5756
6644
6506
2208
5515
788
1511
5803
5701
6838
6066
4103
5656
3143
6396
6014
6070
6308
6064
3387
3819
2434
5922
2984
4271
4944
3522
2141
2118
3721
1995
530
3444
2164
333
3160
97
5386
3814
4291
4516
6512
2712
2856
1298
2249
5043
4622
3524
4379
820
5834
5078
6870
6430
2601
6166
4804
3988
938
876
6924
1569
6540
89
3378
594
1553
2167
1455
4122
4081
1234
1065
1398
5984
399
2595
6774
4656
2436
5445
2482
5584
6440
6953
2652
6773
6028
4927
4484
2858
3891
3482
190
3508
5561
6809
6228
5712
3080
6607
5934
4129
2732
2711
5165
1652
5980
498
6631
3100
222
2274
6210
2813
3965
4256
3753
2571
4523
4197
6781
1615
2970
578
139
5258
5187
4194
3142
4682
5605
3504
5685
1214
1533
372
2810
4336
6875
349
425
3918
3044
313
454
3474
695
6105
6634
2754
597
4236
5469
3660
3691
6974
1830
3371
6042
291
1761
2485
1070
4331
1853
384
856
3792
4758
6955
3373
4563
5016
2733
5
1101
5191
2161
3678
4970
601
6398
4558
5218
4543
5642
473
6261
2432
5771
803
2755
745
4464
1469
6124
3145
4220
5439
5393
6283
1485
5080
4566
4709
6642
4737
674
3483
2676
2532
687
905
2282
433
4016
1410
6344
1061
5809
4832
5825
171
6497
580
2030
2963
4468
6646
6442
759
737
6859
3162
4638
1841
4402
4901
3067
1605
4988
797
951
3658
3053
1877
3711
2812
3451
684
1531
1447
2370
1881
3904
4785
172
4800
4664
6701
2658
5815
2373
5581
5582
1792
6932
4763
648
1613
5792
4554
6848
5781
3968
3309
5098
1764
4189
1892
5836
5682
4617
2293
5758
977
682
2245
3617
3854
511
1949
41
5326
1611
2097
1670
3873
1951
4510
4324
4493
3109
6292
80
841
2788
1795
98
2593
2465
900
6307
1962
2615
6479
3998
2898
1502
4505
319
6115
4552
5448
6368
2071
112
220
1140
24
3817
1027
2710
2095
6918
4337
2461
5285
5260
3867
5072
153
685
5574
1167
615
867
2512
4467
3745
2654
2988
6977
4878
613
6197
643
1671
3947
2333
1103
726
538
5493
5554
2398
4496
5960
2573
4168
5095
2933
2718
211
231
6965
563
329
3601
2610
2060
5379
66
5888
5865
5004
5671
6652
4301
6320
6615
2008
6375
2819
2533
1608
4102
367
3890
2930
1506
2899
4836
4547
6100
1846
4351
4908
524
3406
5556
4070
2734
3656
3520
3889
3943
2419
6027
427
2366
1633
6712
1714
1240
2537
1081
3180
492
3775
2120
2886
614
6334
776
342
2425
4889
1238
5429
4388
709
35
4716
6623
4087
1391
4474
5248
3429
84
6437
235
6869
1376
3023
532
6250
6121
1472
4674
2775
883
2162
1018
5304
3248
3884
5569
2728
5943
3163
3924
3169
6832
2824
6468
3178
970
3804
459
5777
5944
2412
4998
1675
6958
3572
6049
1492
5090
673
3849
4941
4012
1991
2384
2354
1132
1925
6759
4082
4274
2845
6622
5064
854
6019
2823
2793
4112
3277
5449
2893
3833
3012
6805
3477
5766
6826
5163
5858
5444
358
2953
1183
1584
6725
6413
2583
4733
3340
2974
3928
4270
4982
160
3788
479
3321
4321
1157
5629
3141
1677
1740
5411
14
1592
804
1019
899
2297
5468
2489
1252
77
4033
4667
78
6749
2700
3158
5729
3893
5646
1350
167
6016
6273
6587
4951
2915
191
4039
2802
6158
2165
5736
2232
165
5360
1806
1303
6678
6923
4350
6628
2054
2096
4987
3654
5391
1908
3692
3415
3770
2679
5901
4735
4768
3502
4065
892
686
436
4972
5965
338
5288
3523
5274
1049
1767
3871
3237
4861
4629
5505
5657
3604
6855
6286
3836
5139
2625
2194
2936
3671
389
6371
1058
5168
6980
6483
2253
5021
3488
5301
2541
2771
5425
335
6235
1006
3101
753
6425
4508
6949
4396
5210
6305
4831
4879
3752
4826
5751
2395
4399
947
6316
6424
95
4746
4127
5035
400
3009
355
3022
3236
1825
4192
3075
3258
6813
802
2318
830
5367
82
5997
4272
4255
3582
5470
2018
2946
3681
4683
5579
5007
3331
5473
4930
2815
3575
2431
6914
5339
1782
73
87
1084
5123
2301
3986
902
3261
3079
6466
44
2363
3260
4776
2272
4014
28
6185
3241
271
2972
6978
3511
2753
5263
4488
3744
6775
5214
5854
5535
2852
4434
3851
4283
4866
3168
984
1461
4678
4720
1369
3190
5148
5042
2034
2240
1542
1513
6861
6207
4926
2519
4346
6289
3171
2689
1710
1428
5143
6922
6276
6159
6144
4410
3195
4408
4507
5568
969
5973
859
4323
3940
3088
3866
2585
2032
6519
3085
3811
5118
1922
2638
702
287
778
4616
2250
1311
5116
3316
1720
1200
6127
413
205
4360
5249
4711
3958
4902
1331
43
3333
4244
1597
4983
4786
6176
1776
1845
4653
3859
2540
4641
2158
4384
6114
4870
2106
2694
3456
2996
1413
3
3265
426
6551
4233
3443
5269
5612
6538
3717
6163
5587
2773
4995
6057
1697
4
4387
3065
6983
164
6058
5271
738
3908
452
610
3425
2003
1307
6762
6863
1151
5240
748
5798
6196
5276
1783
2647
3664
3769
3996
4790
5749
3705
972
4695
1208
3716
5223
2474
6907
1497
5985
4660
1264
6471
987
4098
6562
461
6329
744
5075
5365
693
1687
1707
6556
5028
2740
1864
5919
1632
1751
1137
3756
1534
4095
3049
146
5897
4401
174
4006
5889
1645
6921
1294
3897
6822
3786
3119
2666
3589
2817
3551
1627
4769
6845
2184
4461
264
1960
6044
1150
4766
2230
3546
2999
5013
1223
3780
5674
176
3409
6155
1862
5180
5472
1942
3302
369
6000
6684
1824
3724
2780
2052
2901
32
851
6345
2376
1994
360
1222
604
3487
5136
5375
6287
3634
5926
5517
4806
1899
5164
5176
2424
2744
4141
4557
2982
4773
5699
2408
2705
2479
2883
4171
5250
4150
3826
85
5801
2551
1817
3281
1667
1220
2276
827
4503
1737
5509
6581
1315
3353
2552
6704
398
794
3844
6232
5402
3672
3842
560
877
4565
450
666
3587
61
4091
1293
1367
3122
3461
3031
5728
5713
2227
2768
6091
4003
4422
394
1345
4005
5704
2342
6140
1827
5063
2381
2146
3472
4890
3058
3553
1981
4359
1206
383
504
996
5058
435
1176
4381
1823
1550
3117
1122
3211
5310
3330
5000
6503
6045
2567
4812
6075
3181
4612
6405
3019
1763
2659
6021
6072
5615
3641
5648
1596
6048
2959
4968
127
5548
4078
6096
470
5481
5601
6508
5230
1642
6950
3850
1221
2764
187
1967
855
4883
4778
3156
3777
5264
4633
5298
5697
2811
1834
2628
6936
1726
4940
4024
6269
607
6599
2696
849
3704
3930
3328
4231
4538
6477
1231
980
3272
1236
2986
4224
4730
3741
2527
4891
4213
1003
6877
6268
4096
5924
2273
3411
6188
1230
3034
846
2762
2048
2704
328
4688
4827
4525
424
266
1762
3647
3794
6931
985
6464
3676
4894
5022
6733
935
1097
4689
2687
2681
265
5916
3030
774
351
2468
4139
3292
4206
4215
2483
2739
6982
2931
2298
2225
5403
2388
1281
3037
4478
553
667
2859
5750
2325
1826
6970
2477
1362
5974
2462
5083
1589
986
2920
3004
6544
1886
4596
3218
6
843
5216
1503
1684
336
2049
2644
6514
485
4967
5947
3818
3233
1093
6299
6455
3577
180
3755
3531
289
1868
3515
2385
4578
973
5957
2828
5595
3728
5791
3220
2087
1033
2491
3852
4248
5452
6010
93
3700
62
5810
6465
1536
2251
5132
4893
6904
1548
5698
5979
4470
5363
3843
6052
4340
4529
4423
274
5177
619
3706
6378
5348
588
3055
2559
4317
4027
1057
3359
2112
1933
5859
3198
587
5666
595
5969
2781
4353
1225
1086
1191
3987
783
6507
2386
6584
3167
4117
451
2627
5324
6552
1436
1887
4382
6328
5347
1005
6728
4217
6029
6079
6382
3465
3771
1143
1530
5455
1672
2303
4201
1379
5641
1716
943
251
2332
2159
365
1235
3858
1693
5383
3099
2168
4570
1800
5055
115
3629
466
2630
3662
1643
3490
2043
2061
5341
3670
2731
5372
6799
5353
3789
3605
901
2206
2589
3445
4818
2308
6716
3016
5653
1190
698
2391
1842
3282
4810
1775
1462
4916
3906
6739
300
1370
363
5874
3082
2239
5723
6181
3393
6160
4451
370
5662
142
4142
2178
1254
3927
5546
3532
5754
6745
4907
4237
5819
3652
5001
3267
6711
4906
6636
3712
4000
4062
6242
462
5923
2682
1340
203
4245
2854
1617
1547
1883
2280
860
4739
766
2690
3396
1422
5936
1052
4398
6796
3869
48
5850
6750
523
5283
4282
3027
6776
4717
5241
1112
1669
2994
5577
1066
1397
924
1175
4542
567
1318
4872
2495
4265
6153
1847
6717
3136
90
2746
2518
1286
4374
3469
4341
3462
6106
2143
1870
22
2942
2323
2476
2352
5673
791
6288
5390
4441
6135
2
5907
6769
6056
2954
3860
1820
2624
4731
4829
332
5692
6247
4471
2799
3358
6270
4655
6787
1374
5877
3976
1894
5431
5246
4463
1496
248
627
3428
67
4965
886
5265
5478
3798
1321
5115
3329
3204
4670
5200
2836
3441
4113
4200
5338
3436
117
6013
2455
2655
1668
4820
6793
4918
1249
296
3823
6613
3407
3990
6811
4466
3537
4964
1666
1210
6954
6353
4300
2235
331
5003
6767
6340
1555
4846
3887
4290
261
3209
26
2078
2069
417
1516
6884
5931
5459
5654
5613
764
1843
2912
5345
3274
531
4684
4030
637
5096
1155
4745
4710
4549
1963
4819
3644
6333
298
2890
2152
740
1514
735
5890
4822
5935
1831
5312
47
4253
3104
5553
1926
6851
1324
3910
5761
3203
3025
6390
5440
878
3956
2255
3221
364
5137
3981
6369
3783
2496
321
6915
2588
5235
5894
2782
2949
5844
2027
2542
6559
4981
2561
4548
3821
6041
6236
6930
5902
1673
6130
2415
6865
2534
1641
1606
881
2968
1541
4376
5545
2767
5621
5430
5898
3964
5382
1188
71
1493
1416
6525
2417
1043
624
3914
2940
3134
4048
2258
1198
3722
2896
4509
805
6917
2660
4447
6656
5961
965
1595
1969
1860
2467
1773
5683
630
2759
6367
1780
1524
4204
5319
6691
700
1408
5789
1296
5373
939
5138
4952
2649
5788
5762
6346
4848
194
6806
42
1187
6513
2457
4175
456
3336
4120
1192
322
397
3801
1439
2093
3398
1861
2502
4888
4299
6653
155
2104
653
2406
4348
3323
790
1205
5354
6635
431
782
1535
6335
2822
6137
1655
5101
5571
1215
2289
3147
380
1956
741
2725
6532
5945
4645
708
5273
4011
4611
6723
2821
1647
548
6881
2590
5524
5073
1092
4939
6298
6496
5684
5121
6633
3057
761
1169
1000
4347
161
1649
4793
2560
5213
2040
1728
968
5416
4597
2515
6253
4385
6138
4693
2673
2460
3032
6422
3187
6065
1974
3639
6361
6108
863
3633
1616
5146
873
1041
949
5419
809
5205
6376
2838
870
5536
4630
299
204
1484
2236
5437
5695
6249
656
2895
6331
6296
4276
6902
6672
1921
5159
1091
1039
3797
6823
6003
2715
6486
2045
4976
1551
2160
6638
670
890
4029
636
958
1996
3003
4971
6996
5049
6929
5849
522
6598
5887
6122
5422
2538
68
762
38
6939
216
5150
3217
4920
6594
1284
6743
4867
1689
6146
1494
4288
5050
434
5529
1309
1521
3133
2368
1083
5747
6722
1945
1901
419
5097
6472
3197
5147
3351
6988
3322
5806
3824
727
6093
5592
822
3006
5002
2379
6498
6885
2169
4319
1335
5119
6640
6239
1109
2288
6342
379
5484
6876
1591
4863
4646
5466
6957
1499
4456
3363
3698
879
2264
857
4840
1599
5284
2283
2749
2980
2779
4487
3245
3812
6150
1451
6616
4535
6364
37
2702
994
3397
3951
6495
2139
4177
5913
1799
1646
6457
1326
3500
780
2789
2919
5647
3718
4264
2084
4691
5863
4053
3459
2265
2204
2224
4903
1702
3225
3118
5420
4841
312
3463
5068
4515
2661
6142
1242
6889
6325
4905
3346
5597
3978
1558
920
2981
40
6194
6909
2466
3886
583
6630
478
5418
5069
6674
20
258
2516
1973
2314
60
5199
3263
6101
54
2252
923
2865
4243
6033
882
5619
6681
3870
611
1583
1704
6366
3787
4320
5052
6011
814
5769
6480
5245
2334
6484
1010
3394
4085
6069
5990
4702
2137
4403
1637
6427
2956
555
6358
131
150
4928
4278
3970
6699
5972
6388
1265
1355
1759
4753
5171
5019
746
545
1466
443
4465
6560
3098
5946
5110
4125
6566
3116
3193
991
5707
2284
2312
3438
6433
3693
1430
1791
70
2501
6062
430
390
1757
4884
2331
4318
52
2935
2701
2820
933
564
6797
4564
1258
5785
3140
6030
589
6203
1322
2329
5252
1797
3449
3447
1412
491
5790
2246
547
2983
1164
6815
4842
2430
5270
290
1009
3726
6244
3056
376
6897
3919
765
2790
6651
1467
1174
3033
2640
793
716
75
1568
2359
1915
1576
6304
6421
897
1063
1366
5217
3497
4191
5660
931
446
5111
4912
2051
4174
657
1574
4047
2808
5113
1115
5914
1046
707
6794
2102
6488
4932
5057
2341
1329
6262
3111
4913
3751
5952
1268
5700
1619
4110
4057
3226
5374
3776
3041
2077
3552
3892
6901
1359
5401
3591
629
4530
2256
4556
1778
2116
3853
5733
3303
5696
3883
5226
4636
5783
2063
4239
544
1928
2464
1460
2563
6209
5181
1923
4576
4949
487
914
6086
1968
5349
4344
6338
769
2914
2022
5388
1941
4707
2173
6195
3385
4424
3132
584
1445
3559
6590
2803
1971
1184
2058
4544
1283
4427
1227
3380
808
5034
2463
4124
1145
4418
4985
3651
1381
5873
5540
4787
1808
2888
5357
1073
6866
5956
2531
4262
5813
4455
4375
2103
5278
3778
102
5295
5925
2591
5904
896
2723
5994
4137
1015
4453
2971
4161
1453
5812
6252
6076
5387
4287
3342
5059
3839
1213
832
6485
4156
3598
4051
4625
5247
2557
1811
3201
4154
3774
1491
6103
2446
4162
5563
6441
4865
1443
2929
5011
6109
5765
4561
4207
302
4286
2574
734
5400
5920
6986
1681
1698
440
1159
4329
3388
5567
2416
3424
1943
5942
2785
6789
3603
1171
6708
2454
1801
5966
6545
669
1748
3021
2674
5325
5711
386
4991
1911
2335
2149
3957
3841
6126
5570
1278
5169
6972
4176
590
1852
6905
2066
3613
4909
2783
1988
4322
6698
4676
4185
1873
2903
5893
6843
5456
1402
4740
4296
990
4015
1441
1774
4439
6295
6208
3516
4668
4179
5489
4238
2998
5928
5808
4042
5659
3054
4999
1690
4910
6647
1343
6654
6310
1554
242
3038
1195
4221
2098
2390
2736
4743
6746
1386
5537
1756
6005
6956
2698
5025
5397
1089
5457
6311
1457
1882
3710
224
3110
6736
3972
868
5811
1464
5622
2722
2851
6157
2629
368
4001
4911
2849
3389
4899
5575
5681
5389
2414
1330
732
1920
5743
1918
2579
382
6281
1905
484
6259
6601
6243
526
5763
1297
4501
6444
2796
1477
3376
327
2428
6692
4606
1685
1401
1512
4010
6854
1972
6170
4149
660
5670
5912
4049
2611
5636
4593
3574
5930
2313
5215
5742
6563
6829
1648
2906
6139
4446
2062
64
2955
3865
5350
599
1425
1106
1784
2937
4497
3975
6487
373
2921
3761
2470
4186
1549
757
438
5268
5079
474
2864
1835
1612
5633
3694
4072
5297
4454
2891
3682
1680
5663
4420
4433
4817
3280
1216
2322
2546
4181
5555
2220
6036
6696
6937
6916
6700
535
3935
6267
4692
4934
5170
6925
3539
2977
1448
1289
3442
199
1371
2079
5833
1700
510
3215
4673
4613
4148
678
2892
5104
6548
2617
4365
2877
1040
6521
831
4732
6740
156
5292
3405
529
4462
6557
4377
3186
6237
6412
5831
1388
6321
4703
713
4234
6391
5508
6831
2099
5173
1679
4521
715
1664
3835
4602
6381
5183
6710
6263
3010
4603
4170
2597
2569
366
2068
4973
2795
1828
269
6271
5824
3900
3048
1207
1349
5189
6349
4205
4699
2401
3471
4457
2904
2448
6189
4166
1662
3895
2634
2992
3386
108
5435
6872
4490
6951
5257
183
4504
6026
6446
5415
2452
124
4945
3541
6765
1603
3549
3862
460
45
6459
2126
502
6182
2872
3318
4619
3790
565
2041
4495
3106
1855
2549
1625
3072
4537
2144
711
3125
229
4577
3268
3785
1816
3632
3545
3293
714
1833
1878
3150
401
3766
357
4140
4993
6233
2716
3050
233
253
3319
4492
4772
1002
1654
3739
1678
2665
2059
562
3433
1042
4448
1269
3400
2248
5847
2404
2748
960
608
279
6095
4843
4308
1380
919
5705
3039
1217
2631
600
5799
1031
2743
6171
6278
3024
1142
3288
858
5254
679
6569
5442
1771
3383
2664
5333
1110
4280
6610
6782
2405
5502
185
3989
6224
6903
6726
2618
2924
4582
1166
915
4644
4130
5428
6068
1488
5352
2614
4169
4816
995
4586
5061
3624
4143
4235
3820
3938
616
4158
1932
2576
1450
5720
2599
3372
6350
3505
1316
3356
661
3029
4954
4335
2609
2592
1131
2709
1498
4352
1944
6547
281
3586
5588
6526
2270
273
2882
6458
946
105
6460
3747
1985
1874
6770
893
4979
4534
310
2035
5286
393
1891
5071
3855
3699
2494
3592
2016
4880
3659
3768
6148
6880
4876
4721
3435
2539
2635
2114
2691
3313
6481
4961
4208
1924
1095
5915
5238
3743
3971
442
2426
722
3297
1429
2604
6473
3588
4877
733
3848
2441
3478
1024
1354
6198
5837
5408
6020
895
420
4183
3980
6332
4536
5433
3754
1287
5399
6658
6882
2151
5564
5938
284
5045
353
3653
6784
4762
3161
3138
5318
2524
3324
5140
1295
7
1064
5423
4268
5026
1465
6702
4588
3304
2729
5209
1913
2606
6234
760
410
5343
2868
5239
2847
1838
1508
441
5533
2316
2131
4411
5512
2580
5202
1454
1067
773
4751
3051
6191
5471
1712
499
5731
4513
2086
2321
5895
4774
5316
5625
317
4327
3701
3616
4500
811
1241
6997
4719
503
2932
283
6576
1022
2841
1537
3338
3528
6585
4067
1779
6099
6302
4436
2761
5336
1906
5989
5510
252
1452
4043
1896
5158
928
4263
5366
1456
5032
1312
6879
1068
834
2616
3748
2684
3994
3257
4442
359
36
1644
346
1522
5434
3112
2693
6017
1364
2908
3690
5881
701
1363
1984
1930
5832
3931
4342
1566
689
6605
631
6898
4485
1577
5668
1786
5014
1458
76
1659
750
294
6024
993
6151
1257
5909
3803
4196
3799
4002
5559
6558
1483
521
2375
5932
3734
3636
5427
6053
5038
407
2163
2211
3454
775
1721
5074
6661
2816
3188
6637
1769
3896
1047
2423
1545
4414
2607
1186
1181
3146
1168
1787
5520
2109
6896
5385
2317
6842
3310
4449
1683
2777
4966
4990
4089
354
5606
6580
1858
4069
320
1770
230
6694
1267
5566
4438
2594
6967
6783
2279
3697
3594
835
3730
1385
2133
5480
509
2309
815
3527
725
6173
2025
1866
1538
819
514
2707
486
1016
288
2848
2047
148
2031
2853
5244
3113
3164
2735
756
4172
6152
4706
5658
4681
2885
6077
1594
1539
2014
967
3216
3982
1765
6942
4435
2278
6565
880
6962
6969
1837
3432
4615
4275
2503
6679
4598
228
2261
1121
5259
6443
4292
4553
5879
5958
5950
1390
6374
3252
3327
1179
3222
4303
5878
5585
4184
6420
1955
6804
1567
1012
517
5242
3028
1639
2122
1982
3491
6520
96
31
1116
3643
5977
5638
4311
1382
3950
1313
5955
6732
6050
6454
1432
4068
3408
2827
4809
6355
6275
6001
4815
1172
959
3154
942
4825
5677
1727
3703
1117
6009
6858
1212
5871
6852
6254
1030
6682
875
3026
5780
1327
6718
4526
5906
2951
145
4627
1446
2413
6824
1463
3063
3256
4764
5869
4390
724
1954
2024
5565
5933
3194
3614
2262
742
3555
4391
677
5576
664
953
1722
4165
5618
1525
4718
1631
4073
1601
4223
640
6404
628
415
2438
5225
3453
1863
1403
3264
1417
1999
3084
2544
2080
3530
1387
2070
303
4429
582
2117
2100
1604
132
647
3732
1427
2180
5315
4855
6429
5233
2257
3911
4409
3969
3423
537
4875
5686
6706
3544
1038
2928
3105
6724
1515
3630
3199
94
5866
3228
5721
1333
5166
5599
676
5917
4601
6808
6265
4437
6410
4657
4389
1505
5361
962
4853
308
1197
5186
1204
6582
6920
3200
2094
2148
5741
5523
6491
3115
3640
1328
2663
337
4392
1162
3421
4824
4372
5703
6383
2429
2228
6445
6856
2134
2021
3440
706
201
5995
5328
2792
5649
6639
1409
3584
1888
816
4661
4777
437
2677
3254
3294
227
6695
1573
3367
3334
232
3291
5614
6780
1017
6888
2577
6327
6818
4700
4650
5884
1288
3066
2829
6450
2814
6677
838
5447
6025
787
4250
2393
3767
1154
2945
4190
4242
3269
6867
5108
5351
6786
1302
1
6753
5534
2243
163
1746
6911
2382
6835
1624
6760
6721
4314
6414
2809
212
1358
6604
4147
885
1059
6245
981
1602
5056
6211
5988
956
1336
5624
3155
219
5070
1540
818
6837
6995
4984
1495
5978
4445
1229
4361
1562
1051
5188
4199
6202
3800
6309
1818
2402
2535
1907
3042
162
1314
824
5337
5976
18
2105
5757
3426
2833
2742
2760
4203
6738
2113
7000
3091
5344
5602
3227
65
5044
4898
4498
5364
5797
5190
4249
5005
5764
348
2179
6357
1836
1482
3166
1185
387
3907
6037
5787
5398
4992
3392
2345
3607
4310
6494
3992
6229
4567
6734
182
6406
6752
747
1246
792
6768
221
2621
3979
147
6116
2017
2826
2719
6217
644
4216
4640
1290
5134
3746
158
3963
817
3917
1334
1621
4107
4587
3714
692
1917
840
2651
5975
1182
2667
6456
6801
4499
3081
3894
2726
1114
3599
3036
3431
6500
4425
297
472
1202
671
5356
3611
4828
4246
1211
2481
6820
5306
3064
2351
2189
2427
2521
5272
1657
1094
3648
976
3879
4736
1623
4440
6690
4723
3251
1753
736
2692
4649
937
3287
3480
5300
4642
209
5309
3713
6060
123
916
6944
2013
4302
4040
6730
3807
1743
2857
6714
4626
5951
6816
3784
930
845
3011
6685
3208
2229
3558
5129
392
2362
4020
5862
208
1102
806
6792
1638
1598
2626
633
2480
2568
5690
4180
2421
86
801
3271
4315
2055
282
2304
6400
2299
3159
4066
5514
4885
1442
2504
1934
6791
2641
3621
286
3688
1713
3352
6947
2927
4856
1575
2422
4075
3020
1966
4708
5992
5981
561
1424
1910
3581
2602
720
945
4064
6447
6741
5504
2473
6007
5046
186
1473
6081
2708
4760
2271
2140
6169
5891
3715
3554
6756
293
2566
2392
3845
4738
3934
6008
2046
2894
2907
4541
2004
6402
1490
5818
2706
423
681
979
6215
262
3857
5864
5782
9
4779
936
577
6800
2938
5735
3960
2238
887
6385
1614
606
6087
189
2800
4037
3000
5340
3561
1586
5853
5195
6719
3567
2671
5128
1048
4795
5048
3270
6912
4690
3626
2917
4624
837
963
3467
3131
4132
6149
731
1158
5752
2605
6830
137
796
5918
447
4383
4084
5503
2965
1108
3733
2683
3864
5219
496
1250
5814
3905
2525
4044
1729
449
3772
5262
4405
1620
556
4955
2357
1990
6814
5256
5384
6933
4354
2001
1609
4333
3077
1130
134
2713
2050
154
1916
1565
4428
1927
2348
6568
3455
193
3475
5645
1141
4771
2493
404
5630
29
1532
2909
6641
2172
6761
2471
1259
3791
6022
505
6112
546
4936
1471
4332
4946
5872
136
4195
3073
6043
4788
2472
2231
6984
1851
402
5675
1310
6184
1300
646
181
2007
3170
4362
3977
4343
2967
3018
844
3993
6667
6611
5475
4021
6219
3499
6220
3495
2213
3533
1226
2639
2619
1876
4631
2089
4614
2456
6589
5321
767
5198
4837
3417
6993
3568
1277
114
1630
6660
5133
3437
4592
15
3600
6204
5715
3013
2439
4058
3349
2850
4527
5999
1809
5041
6894
2197
6887
6380
1357
1352
3945
4651
1793
5290
1069
1582
6502
196
1936
2177
1819
3498
4050
784
3130
1071
4959
5458
6399
6664
1959
6319
2111
3847
6561
6572
1396
6313
1839
4209
574
6537
49
638
4943
2870
5167
5117
4060
6274
5967
2751
5261
5131
3295
5289
6574
2727
3686
1850
4031
4419
225
1937
3983
2918
4830
334
5910
3795
119
6600
3087
655
2057
3249
4585
5929
1803
1889
405
6926
2786
6627
5086
4947
2947
6476
6849
3224
4135
4559
5255
2596
1815
6539
2545
4146
5029
6352
2587
1308
2752
6123
6015
6034
2205
2339
3014
1474
4921
1520
5551
110
3097
729
3595
3529
3506
1373
4479
2053
3286
4277
3182
6300
3668
1053
6165
3489
3579
6727
159
6088
2214
5993
3191
395
3618
6908
2547
4218
3669
192
6434
6330
6847
3121
1299
2371
6688
5479
6199
4413
5114
4163
1718
5267
6167
403
1947
5558
5047
5911
5465
3933
625
5251
5331
6256
2791
2305
3108
1772
3410
864
4407
3381
5054
1880
10
1344
4074
825
1395
2637
6864
777
3494
2295
3183
6193
6788
821
2526
4560
6470
260
2037
6055
5494
4511
4595
1607
5737
2522
3382
5899
612
5655
4257
6395
983
4009
6515
2155
4539
571
3585
5499
6994
4406
3503
1572
6417
340
4101
3740
1733
6078
5221
1237
6501
3148
1997
2226
2091
4696
314
1232
6758
1730
663
5142
813
506
3646
1261
3301
4724
799
721
922
1138
3107
609
3368
1696
6147
5823
3696
5775
1054
4022
4153
1618
3492
1695
1479
1785
1276
63
6827
104
2147
966
639
839
69
5727
1096
4472
2216
2842
891
2202
4369
1072
5438
1517
5102
1813
2367
4188
2150
1285
3684
1120
4637
307
4914
2360
2121
3635
39
5532
2879
4997
5954
3486
2378
6938
626
4155
5009
1587
3070
5207
2315
4621
5846
6593
469
603
6393
3391
1459
217
4506
4675
375
5730
2911
2798
3404
6264
4805
3002
2884
1711
3344
512
3655
2653
3214
3184
1219
5381
952
4036
6032
4368
828
125
1708
3570
5323
6862
798
5678
5296
1682
5153
4007
6945
4452
3390
3202
4919
6377
5303
2985
5620
1444
5120
4083
1389
5590
3876
5882
4258
2447
1523
106
948
3369
1274
2699
5112
6846
3673
5870
1271
5827
3920
4093
621
4482
6841
6119
1262
6117
5299
2510
1201
255
3175
2805
1105
6657
483
6238
6798
688
550
2741
659
4900
1674
1814
3899
5717
1821
1961
2944
1148
6960
3514
6260
1486
2207
5841
4259
3946
650
5012
862
3476
1723
4198
5443
4584
1593
1885
6143
4859
6439
4741
3210
166
1292
4415
5477
2717
88
6272
3247
6620
1468
3135
2198
850
705
5192
2187
4607
50
3450
5687
2260
4960
6618
5008
2210
5772
465
520
6291
5089
5227
3296
6423
1111
6579
3526
2787
4643
1435
586
1501
3507
5287
81
200
3259
3590
1529
17
1360
6200
6588
1919
1426
1665
3354
5971
5650
6046
1400
5405
789
4380
6603
2186
3510
411
34
4610
1840
2656
2290
909
874
4948
6323
1076
2861
2181
1744
2026
3674
1544
1160
408
1571
4781
2806
3878
5518
5817
3602
2825
55
2076
4666
3948
5759
699
3663
3176
3929
3179
3534
1099
575
1431
4097
1144
3623
3831
1282
4109
6567
2608
518
1805
569
5617
1938
5549
6306
4752
4421
645
3763
654
3875
3246
