4189
4117
7184
7474
6150
7757
3160
1057
2357
6667
4619
5306
6964
3943
6263
6224
7982
2830
981
2943
112
5527
7468
5712
6648
2306
3622
5260
7148
739
1754
465
1941
5359
298
5896
3711
4452
2678
537
3038
4851
525
1334
2603
2397
7836
420
1903
4230
4323
5919
1108
3821
4264
6901
7993
6823
3888
7296
2745
3907
6435
7795
1871
4035
1261
3612
3620
3839
5182
7906
1240
2370
5912
7491
6637
489
1123
3203
1850
690
2782
5283
4315
2730
5780
2548
3992
2605
7956
2871
7092
1985
6505
1616
7150
5462
353
5448
5984
2713
3190
1667
4697
4710
3226
2386
2695
5067
4039
6222
4217
2542
1186
3316
3548
6827
6924
6230
1388
2939
5577
1507
2502
436
4063
385
4033
266
7062
7823
2102
7754
4394
1824
7263
1815
2156
3013
3708
5837
7367
7304
6990
4901
6493
5075
40
3104
5441
1686
3668
3936
2722
6320
1338
4846
5026
3524
2220
1034
5950
5812
4361
6636
1487
5706
3572
7682
3206
609
1593
4155
740
3293
3242
3148
6358
2791
4950
434
1685
3752
6412
2956
3047
5470
230
4567
3851
3581
3514
6039
3251
5742
4616
707
5044
411
4
3692
4223
1302
5918
5279
2990
2720
4284
2344
1979
13
4565
5701
3874
3886
7559
898
5083
1967
2138
6559
4743
3905
7002
7414
4635
2303
1441
3521
1095
2953
5269
52
439
876
5434
6904
6910
1022
5062
251
2169
2346
343
4100
455
4209
4596
7199
733
7534
2639
3260
2355
5656
1475
3958
5394
2642
3838
2062
2426
7165
612
7359
2262
2786
35
2091
6907
561
7254
4998
4589
5188
5816
4252
3640
3585
2331
5663
1428
2955
4930
5504
1954
5372
7351
5159
5878
2818
4562
435
7618
3274
7729
4380
1702
2797
752
3600
1263
4455
1472
7725
3918
3691
1762
6902
5881
3861
6462
7651
3144
5745
5009
4491
558
5369
2537
5022
6894
605
110
5740
614
630
5111
7053
7950
2749
3970
962
922
1193
1282
4388
6502
3599
3381
897
4514
2666
5374
4802
2844
5082
1469
6205
654
1119
3418
6804
3352
3133
6550
5167
3500
5155
6548
3252
1987
1149
3179
1413
954
4170
5493
6713
1653
1077
2206
1846
2111
7196
7609
6459
2372
6956
4096
5974
1026
6476
1620
6515
1803
4279
2176
4440
427
617
2182
2717
5703
7409
950
6596
4124
2815
4749
6499
324
781
4795
2143
2945
7810
2269
6149
5843
2463
7382
262
1409
7268
1105
784
835
4926
6698
7556
7601
4525
791
1052
2087
3296
108
6452
3332
7155
4253
7922
6251
4132
1887
6538
678
4918
1138
4516
4545
1625
6959
5116
4830
3820
6866
3703
20
1432
6963
92
6864
1152
1007
347
1440
7441
7418
6430
4263
1130
3376
7753
4136
1136
2538
1221
6760
3877
4639
4587
393
4777
991
3211
2464
7899
3330
3245
6705
5250
1876
4101
3479
1211
4459
368
5017
2047
4913
2508
6758
3358
855
1
1613
5440
6585
1278
4973
4187
4335
4463
7524
2471
5172
1962
6896
7908
7784
5586
4659
4137
374
3766
2225
6146
7557
6678
3505
889
3441
2356
4504
6161
1523
280
3650
1847
5763
134
5149
1960
3885
2361
5243
7291
6906
3714
3685
670
7376
7863
4939
6677
1990
2141
7283
1242
7701
5987
4536
7966
645
98
2440
1498
3024
1291
7896
2514
5319
250
2486
4145
4227
3870
6843
4682
7862
1572
1992
6703
5304
7733
5915
4374
3335
1739
113
3966
2821
6448
2962
7769
5353
2470
4513
6138
3565
3661
6892
1014
2596
727
1497
3739
4417
3257
7207
3328
829
1032
5695
3031
6859
2291
3744
6101
1230
892
4240
1276
4576
7343
1270
6097
6062
7345
5310
2616
5865
6291
4962
3366
2452
674
4585
2861
7112
7480
5754
6428
5301
2673
5808
1830
5998
6371
3974
7971
7494
4156
6427
6325
7449
6339
2890
3098
3770
46
209
1320
818
5391
7917
5677
424
886
1646
621
7702
2726
1595
3626
1314
6330
6186
5540
3921
6154
4221
5410
4942
3453
6042
4758
3333
4636
2564
4473
124
6129
2044
2857
2241
5624
6346
57
4552
6935
6547
7131
4255
5981
7100
7211
1617
5671
7612
4482
1088
7087
1622
3213
2188
4294
4853
4855
5122
3779
1718
1340
2122
4505
5449
4086
1953
236
4004
3241
1538
554
6810
5483
3630
4842
5551
4231
1375
7111
5840
6241
3403
7244
3570
7058
4311
662
3520
3539
5827
41
109
3726
7068
2377
5764
6438
2881
3965
3516
5225
1210
1066
1009
5516
5648
7242
5266
2977
3789
6093
6466
4712
2690
2906
2209
3865
5609
7233
6640
5500
2124
7459
1006
2911
3456
2584
4194
3289
2536
5012
5767
3182
1808
7336
4011
4042
409
4844
2284
7124
1018
7581
7332
492
764
7546
5989
1166
2924
6059
1773
2869
1902
160
3753
5650
1145
4781
177
1245
5646
4419
1425
2351
7235
7867
3993
5565
5959
5672
5180
3128
2506
709
3928
2473
1393
4972
2743
4208
3447
1331
6707
2253
7475
7802
6342
1360
3558
2296
1055
2710
6451
4546
524
2434
775
3357
5522
7105
2231
5371
3611
86
167
6917
2168
3325
5471
6532
5275
7428
4233
5270
5061
2259
6117
3427
5295
3507
4185
1924
2790
206
3157
170
6321
64
2288
2018
3852
6531
7130
4911
6387
5325
7767
7484
7577
3537
3196
4078
381
6317
989
708
3437
1768
3979
3609
4547
18
1969
6952
4828
4764
3781
3112
1863
7298
6647
5315
2441
4049
7366
1901
4332
6355
7175
3586
4023
7400
2427
260
1729
2820
6689
2408
5191
7715
4088
5381
7208
5366
2647
6633
7487
7583
3803
1977
4148
2500
1256
5375
4882
4278
379
722
4711
7705
6784
2665
3398
4991
5211
6666
566
1430
6311
2381
2704
628
6960
6283
6456
1479
6253
7251
1354
3364
4386
5835
3593
4044
7181
6492
6090
2777
6352
2023
3068
3200
5723
2909
4041
3248
3204
5025
2472
681
774
6136
1849
2756
6118
7218
5732
4196
6043
2208
2239
33
2577
2966
5052
5793
2512
5801
2747
5836
6052
4462
5906
1484
4321
6204
2038
567
783
129
4326
1736
2327
2888
2212
3217
2723
7141
1531
180
4084
5294
3292
469
1070
3126
4520
1766
2149
2443
4472
7628
7237
204
5393
5997
5292
5765
6968
4746
3662
7552
2923
1801
1297
4964
3096
4106
5603
7295
3025
6556
7567
6744
2256
6947
5102
1916
101
2281
364
6854
7996
7877
268
7955
3341
3097
2648
7073
2521
5983
5120
3246
1222
1508
7515
1289
3259
6762
7470
7371
1102
3616
6913
5791
3244
6530
2784
6190
7481
6949
5691
5634
4935
5615
1776
7469
3552
3476
4447
6200
2805
2993
5117
4202
7247
2674
6244
6442
6733
5683
3523
2612
2371
5388
3070
4673
3033
4426
4890
6847
2228
831
1561
3980
5028
7195
3793
3060
2886
4826
4741
7240
6914
2501
7404
4686
7023
5920
2248
586
7144
945
983
7830
1414
6299
6297
4856
1856
487
2837
4034
536
885
925
4508
4464
5581
2029
7179
5532
5759
1655
7610
3309
6336
1734
2329
1421
1807
272
5336
3167
194
1081
5347
2065
3075
2685
1758
2204
4317
2064
573
7806
3326
6178
2017
964
6367
868
3349
2403
745
4435
2619
4019
412
7760
4661
6833
6755
5189
5390
2214
7869
523
4840
3110
2322
1982
395
5213
3327
5136
6767
5501
6269
1274
7206
4800
5468
3338
883
5134
6740
959
5402
5598
1424
3477
1477
842
7224
6351
6856
4611
2771
7923
5100
6750
7163
2789
2394
1649
2000
4895
7317
5728
6905
5526
583
1082
4414
1761
1512
6724
7671
6202
6217
1783
765
2008
4775
5491
6608
5839
1633
1735
6618
5299
6927
7447
7320
2831
2742
1268
6622
3346
6890
7352
5523
263
4051
659
1721
5380
3927
4245
2353
2223
3564
5507
2333
1732
137
1025
6081
3045
632
7821
2142
1114
1500
4059
7502
6849
2282
4790
5811
6645
6227
7621
3088
3329
5013
6013
5549
1496
1269
2737
2131
2304
5029
5561
1423
1422
846
4927
3716
7276
2144
4821
6237
4941
3522
2072
3143
6382
4742
581
3414
684
6074
1767
4299
4718
5218
2644
1791
3720
4319
7637
3679
1313
2230
7017
3815
5967
6583
4193
4210
3615
7346
1889
7654
933
6846
6417
874
62
4980
4893
6214
6034
3873
712
7128
2764
288
1952
4754
5917
1695
6276
6327
3371
3275
7969
7305
6764
2415
6425
648
5620
89
6003
1031
1265
1106
6419
7985
563
7350
1858
6163
3590
5408
5770
6722
248
4340
4026
2086
6621
2229
7272
1124
7330
2899
4809
5856
4425
93
1128
2772
2885
7893
2145
6066
447
3220
354
3584
3384
4432
7998
4368
2680
3253
793
4763
547
4807
509
5711
6268
5838
3052
3681
2622
6513
4159
7139
6245
790
7787
5916
3987
7492
6982
637
6746
3181
6475
5589
7050
4389
2161
2028
3580
370
3174
226
6111
2968
726
7118
2590
4970
5841
1681
5439
315
318
7419
2425
5612
6761
3331
7751
3152
7538
7505
1643
7316
3955
6073
2517
476
7046
7146
6106
3062
5101
1189
1378
939
2867
3538
6017
6829
6068
5697
6644
4689
2775
6602
2614
4614
7670
5973
3486
307
4608
902
3153
5311
3255
4342
1648
2892
5547
1323
5702
3952
2134
5186
1398
652
2900
3461
3310
3901
6041
3435
7122
1121
3817
1045
3491
4852
2991
6408
1048
7860
6627
4420
3972
2795
5662
6920
3614
6463
4151
2010
6770
1945
322
2442
2952
2290
6277
396
6738
1298
3899
6201
90
4205
1639
2620
6098
4325
2312
7262
4204
2525
7495
2621
3809
2154
7740
2354
7632
882
1915
1816
3856
7222
7587
4561
138
1488
1490
807
5323
2852
3606
6649
7783
6275
16
6260
3250
1843
2460
2258
3121
7676
5107
850
6383
3431
5887
1295
2822
5131
763
3747
2557
1131
1522
5389
5010
1408
838
4014
5069
4968
3420
4975
6091
3317
3394
7817
3550
4453
5008
4379
467
814
5005
2915
4229
4327
6932
6786
7984
5512
673
5877
4262
5409
5654
2814
3020
6673
4080
5969
7187
5570
3528
6979
4334
2838
2817
6811
6228
3587
5219
7648
2606
7374
5503
404
312
1419
1624
2402
5948
3270
5281
3225
4860
6086
514
3108
3597
4769
688
6140
1239
2611
4765
2823
3893
2298
5192
5572
2019
5788
1606
1107
2973
2226
3391
3797
2318
7550
1957
6528
7953
6593
6014
1404
6250
7927
6635
3908
3757
1615
4651
4646
2803
4701
5749
1668
3525
3402
6399
6137
4500
350
1921
1663
2332
6094
1436
2698
2981
5268
1457
3503
1530
4702
1262
3359
7864
1696
2965
222
1725
5073
1638
7265
6380
2100
6153
3784
3671
6281
700
2132
6315
3657
413
5227
5098
6690
1065
6841
452
2800
3229
7639
5929
4963
548
7176
3438
4285
1470
1728
2656
3935
6457
6132
6295
1588
2339
5242
1254
2702
6545
982
302
7972
3702
7529
414
718
2699
4359
3137
6768
5591
626
6025
4348
4027
1318
249
2466
866
6199
5244
6668
2776
6458
5432
316
2112
7523
7537
5783
980
6631
1084
2504
6483
3344
3536
1533
5387
4235
3187
5206
5464
4757
1078
5535
5385
4994
6289
2827
4603
3765
2566
6972
6931
2002
4953
5704
5686
6045
7326
461
1836
7
4668
3997
7036
5833
157
4330
502
5678
1366
5709
4680
6643
5513
6240
7508
1099
7064
6497
4174
4976
3283
66
5924
5236
3592
7461
6071
6862
4351
2106
2011
6061
5346
45
6797
7369
5047
1258
3444
1951
2279
7879
1784
1466
5198
4615
6265
7006
4369
5224
1965
5274
862
4551
1862
3892
3546
6165
7937
3762
2654
5199
7591
6773
2774
7615
572
2527
5457
7008
5071
1765
7907
966
5673
2233
243
5339
1285
2319
907
3287
6128
2195
2819
6575
2634
3517
5567
1506
7339
7765
6836
1700
5992
2592
5001
6069
1939
3731
1515
484
7738
1514
6752
5985
2628
5273
7183
365
6020
4607
4248
854
5284
2787
2970
3159
2958
216
7843
300
6657
3646
6844
3531
5926
7079
188
3800
3956
3922
348
1804
1550
3368
5139
1938
5628
3849
6258
4370
6898
5168
7707
6521
7424
6951
2422
394
456
4243
4554
3575
5084
4475
6242
3054
4424
1400
369
5775
1964
7038
3808
7044
1879
319
1974
1501
279
168
2490
3712
663
7542
5774
7780
5529
6715
5352
1264
644
1020
2748
1174
3706
6675
2706
7306
433
5842
3197
7579
3676
1463
4090
6805
3408
6155
7337
3656
2432
2205
2456
3193
1820
1253
7003
2875
6549
4971
32
5933
6915
836
6946
4610
2523
7226
6981
3621
6070
1465
7188
4984
6369
6420
3056
2185
870
7835
3291
5176
3308
3989
955
7844
4469
1069
3946
5904
3488
2551
2660
6169
2189
1825
827
2215
5944
6955
286
6374
7911
3076
4393
4538
4721
5476
6541
128
6467
2812
2846
2384
5207
568
5035
3416
6213
5627
1112
3034
105
7024
7354
1545
6911
7897
4956
6726
7102
7545
217
5693
7421
5757
1789
3931
943
7952
2858
5178
3576
3530
7437
1036
533
7473
7599
4676
7225
515
3073
1719
4957
2972
7742
948
7327
7576
4343
3509
444
6037
2792
5482
825
3904
5420
6928
2633
2276
7020
4112
4291
7960
741
1345
6038
494
940
4725
4249
2513
1651
6102
4064
23
3672
2532
2437
6225
6079
504
6403
398
2535
3074
4767
6473
3471
6775
6210
7849
685
3830
197
6354
5066
2068
4303
460
7963
6822
5879
5175
5756
6710
2277
2166
4762
3906
6130
1397
6686
7446
3219
4768
5373
2572
4293
4314
511
3095
5290
4214
342
4363
4147
4632
3178
6152
5644
1671
5588
5063
3071
4006
1629
3223
7805
3920
3015
6527
6889
6828
4793
6519
257
7200
1888
5585
3532
1358
4542
7106
3490
4015
2325
5905
5146
3458
856
3947
2608
1288
3135
1554
483
4628
2894
1158
2336
5361
2983
5665
4470
7970
3718
6590
1619
3501
6353
719
1738
5952
2338
6485
4083
4727
5229
7874
7526
7232
2051
7465
7497
1688
1454
2289
4929
895
1546
6612
329
7788
2635
2246
426
1917
7989
5880
3628
3387
5330
1659
3365
4476
5851
72
3382
7110
6694
4103
6936
1611
5675
4502
6440
649
865
4703
1231
2893
3081
5079
4954
3883
4000
7770
564
6259
3485
936
6801
6536
458
1367
805
2305
5923
5773
2675
5725
1372
4624
995
6313
1456
1675
5118
5942
666
5447
3281
5970
4339
3810
6107
7554
4451
749
958
5782
244
3967
5112
4446
2153
1910
2453
595
346
5185
6518
1740
601
3513
5135
6284
1520
5657
3464
2495
4072
6937
2367
3917
1216
1044
310
6208
1973
1156
4265
6280
6554
4081
2108
6709
2155
7822
4362
448
5932
7308
119
143
2752
2895
135
7786
6273
3833
4407
4877
4687
872
7687
131
78
5800
6436
2541
7463
731
1098
5392
5053
5078
1000
3882
2095
1764
4535
844
2001
3763
5583
4195
2604
5308
3337
6234
560
2650
2238
2813
5235
7243
3010
3282
2178
6255
275
7054
97
7219
351
3960
493
2586
7820
819
1755
5473
6961
1122
5171
7104
2059
123
6682
1623
5363
1448
7598
6594
7724
1096
1748
3379
2664
6233
2707
730
3065
3777
849
215
7278
2433
7137
5891
5867
6026
4055
6002
3465
6543
198
6574
5874
4832
5994
5095
7483
2949
650
2845
7032
3690
5364
6036
1237
6614
2250
5427
3896
331
5179
3380
4108
3902
7335
4123
1275
3207
6300
3051
1183
2840
616
5335
5936
6348
5766
606
5824
2700
7292
2728
5217
550
1502
6429
6089
5458
3641
4951
6623
4165
3543
6236
576
4679
3041
3542
6500
3322
7868
4467
7792
4310
2469
4121
2544
205
1224
2323
4138
4629
6503
7399
344
934
6787
3209
5617
3007
656
759
4526
7717
1157
557
276
828
7746
2941
2271
4944
1918
5720
5214
3377
3879
761
2546
1177
4403
4306
5752
7962
5259
5320
4161
5719
2980
3369
2067
6302
2896
4274
4571
6122
7543
7077
1970
2170
4713
6418
3348
6717
5228
3459
6950
6040
2595
1319
6110
5291
947
5699
5367
877
1693
7959
6164
5873
4008
2109
3067
3598
7825
7819
1834
7885
4180
6474
695
7631
7857
2216
1103
3093
4858
7398
7880
6681
2066
3057
5262
7290
1950
3709
2075
6296
1549
2398
7604
3722
2575
4838
7585
2751
4070
4289
1426
5794
771
6716
400
1101
6735
7014
7572
7855
4091
148
6595
4415
7871
931
5034
5682
2094
4745
7027
2438
6402
4961
42
544
2597
6983
5636
7979
3867
6868
5962
3419
4814
6553
5282
4316
2679
6808
5417
1658
4843
7451
6788
4873
6053
590
7964
3811
2326
1330
1150
6848
7713
2714
4131
4226
2974
1471
910
5860
7370
6628
2676
6886
3016
6125
930
5312
2261
7503
304
1628
7198
5300
6999
4413
7085
4559
1759
3850
3267
6379
5370
4071
7078
858
6010
7324
7067
797
3778
7476
7775
2240
4696
3119
267
1447
905
6507
3562
7153
4691
4045
5368
6874
7947
5209
7379
7674
7364
4647
5309
5386
4122
1589
1819
1134
5556
5187
6084
6478
2931
4066
6652
3421
4580
7756
4909
5537
4270
526
1607
5152
2373
4678
6360
668
2657
7089
1800
5350
6172
5559
1286
6881
4625
4241
1991
1076
5785
5668
2082
1328
4093
4411
7159
4110
4247
4375
5569
985
4823
1449
5404
4724
1431
556
694
2799
114
1405
7011
5004
7666
7759
5383
6653
1541
5174
7245
2843
4600
711
297
672
787
2681
5922
3573
3090
7423
7344
5735
6001
6432
2007
2435
4164
7744
6331
675
2880
4283
4523
5961
4022
4675
228
6526
1010
1294
7309
3511
5509
2431
88
7739
7655
7901
639
5734
5592
6589
4771
96
1402
4804
6167
1185
7384
6287
7619
4356
2152
2662
4163
7086
7216
7944
4533
7319
144
3984
5868
3430
1060
4152
7921
3589
7289
7602
7726
232
7170
3688
5200
604
4098
6669
3518
7774
4819
7433
5438
7995
521
7932
2031
2396
4784
1777
1301
4010
2793
888
4297
6869
6708
5779
6396
358
4845
4268
1473
3653
4258
7664
802
7362
4847
5975
3674
5576
1213
2531
3080
2177
173
7723
5108
7551
7620
1315
5480
1476
3638
2096
7467
541
591
5351
1017
1151
5197
325
6885
1445
4810
6392
2352
1605
146
732
1677
7686
2311
2348
2021
7737
7387
7099
1198
999
7622
7037
2293
4515
2560
7807
1162
2543
67
3170
6523
1038
2810
2928
5630
808
6386
7471
6564
4558
6771
5051
3386
692
3375
2412
5405
2222
579
6969
7630
917
821
2580
5751
937
2199
5897
6055
7197
5161
3608
7918
7314
451
3202
2165
5753
4119
3323
7333
4907
227
4484
976
4738
3785
1335
4914
963
7231
3199
4269
1542
5844
3363
6861
713
3058
4125
1581
3092
5045
5631
29
1359
2454
4672
6305
2139
3294
6401
5046
2110
1746
6855
4429
4458
4075
74
5597
332
5000
5042
2732
3687
7500
4331
4507
3729
2273
5515
1949
3736
406
3240
3698
6641
4938
4924
7888
3786
6109
5072
3397
7227
7590
1067
861
4966
2053
4385
5889
3751
4127
2591
5508
2863
1809
3063
5162
3945
3721
7983
7388
255
2447
2278
6158
7070
5144
5963
967
221
1584
2006
7133
2375
1763
6290
4167
6334
1851
2272
5297
5724
6569
7321
25
7549
2554
2796
1599
6437
6444
6491
3100
5016
3497
7238
4656
5815
2736
5909
4254
3373
3848
7681
517
6023
5202
5148
2350
3162
7084
1348
4705
5456
497
5681
3727
5338
6597
2118
3788
6706
2649
3654
3561
789
1743
641
5882
6586
3529
7169
7588
3473
5049
36
3124
2266
7852
3506
3103
5776
6819
1689
1281
3130
5938
6729
166
2769
4787
7945
7297
1217
6439
2444
5726
7001
6992
4105
2836
361
4812
1368
4408
6187
273
3919
5127
5519
7875
6232
2802
4643
5133
4601
1304
6083
6605
4457
2117
7401
3450
6496
2309
4669
31
4191
4560
4818
7264
2297
5007
7887
1437
4168
3146
863
5670
6012
6570
3210
2050
7967
7114
4005
7665
2455
7578
3400
747
615
4218
6851
3677
6294
997
3853
5099
3319
3995
725
5443
7033
3790
4030
2509
4436
5492
1842
4474
301
4077
3084
3228
5222
4579
987
1981
7415
5542
6660
7462
3475
3466
512
6714
8000
5746
2902
3954
1835
5154
7695
6211
2882
306
7776
6179
3932
1731
7034
1733
3029
993
2263
1117
4657
3999
6939
3261
2245
3442
2637
7488
7978
3494
3991
1934
7730
2607
7573
3452
3215
3571
1829
1462
6364
6780
6525
6470
2801
7853
1857
3675
5485
2719
4932
6679
4988
788
7941
1347
1499
1381
1310
1190
638
6391
7009
2739
117
5980
2159
6542
5093
5710
3470
6991
5090
7259
1929
4320
4730
5064
6005
2626
3284
5267
2849
4776
2387
528
103
6338
6407
3594
3388
3224
2870
4376
5254
4399
3048
2910
723
1290
1592
2033
2874
1928
5263
1652
5511
608
2198
4700
5196
803
1337
873
6994
6930
7905
6134
6229
6326
5554
4511
3238
4496
7850
1416
7838
3264
1742
4489
3361
841
7394
3799
5684
7904
3171
1023
7634
1111
3700
6691
2579
6599
5849
7594
1590
5558
2625
3390
5940
1442
6049
6865
2080
3300
4085
3645
6611
139
6625
7318
5423
2391
7667
4670
7035
7431
1756
1654
4275
696
6524
6719
4923
147
2561
3642
2862
6863
1257
4534
757
3990
2905
4428
2316
477
7393
2975
6692
5741
1578
911
1556
2519
5360
363
5379
7883
6984
3732
6988
4992
5661
6613
7178
5357
6584
470
200
3003
5003
3342
3165
2203
1575
2016
7193
2582
162
3689
4744
7625
6450
6916
2379
2835
116
7541
6695
3064
3792
549
1233
5687
362
2878
6254
1167
6791
3205
3801
3489
6345
7300
7977
3738
3742
5737
24
2265
7164
7172
3239
7700
5429
1795
837
6774
4109
1988
2389
7386
2411
1001
860
3916
3544
6194
43
1059
3407
1412
389
95
6115
3787
7076
4949
4259
569
3158
7710
5463
1080
7938
4915
1913
6464
2383
4358
7506
7312
5658
7882
3304
5795
277
2917
7527
570
1355
857
5314
990
6361
4897
4714
1621
6821
2317
6035
1635
5027
133
5798
3994
795
7420
2640
4244
4595
5382
5610
6782
1083
3268
822
5452
7520
5011
7582
625
2484
4398
949
7440
2287
6272
3362
7986
3072
7030
4748
6316
4566
3985
820
1379
1873
352
4371
2137
7168
68
3652
7204
4747
2040
182
7514
5996
174
5680
6546
58
1781
3948
6953
7018
6007
3669
5871
6235
1697
7236
3132
7613
1528
313
7403
5714
4485
535
3773
7129
195
1342
4143
4048
2692
1175
3812
6736
6852
3604
5039
3996
6247
3636
5256
998
94
56
6223
3868
5986
3495
2558
4977
130
7013
7992
1602
4943
5850
7282
3710
5823
5354
2715
7342
2940
4328
6552
2600
5988
5901
3221
3236
1585
5614
3163
49
4861
3910
199
6388
607
6390
1093
4548
415
7698
6046
2127
2778
7406
2624
1699
3649
3814
6980
4222
1567
421
7248
2451
679
330
2320
1004
5362
2419
2684
7873
1601
928
952
3666
1757
7217
6834
6180
6522
1370
2200
5252
4699
3235
3109
1369
3249
7834
4751
4029
7411
527
6922
1744
1893
5276
7614
7629
1164
4919
6879
2417
5272
1280
1255
7779
3336
2088
4543
7191
190
3393
4974
2255
6119
1972
1963
6563
7603
5921
2013
7638
5799
5249
4322
1526
5230
7270
6826
1665
4344
258
498
4829
7250
7069
6398
5700
3924
1283
2617
6646
7544
2907
213
1494
1089
3472
3243
7057
7841
6216
3484
3715
6598
3280
703
7693
4126
3392
1041
4885
1771
2936
5818
1226
473
1180
1796
3973
7511
5114
3914
2369
1955
6506
4936
5384
4478
4410
3101
6445
2295
1357
3463
1710
1336
760
6938
593
3667
4149
377
1384
7813
3372
7061
7372
6424
6028
2114
6632
2683
6453
7375
3733
1927
2854
5743
6306
5014
519
186
2602
2682
5722
540
986
2237
6971
7574
635
1148
7709
3019
1279
4495
3759
7981
7267
3001
3930
5303
3895
5415
2430
770
2908
6779
2518
3298
3741
7939
2753
4142
6286
4816
6203
6433
7929
2167
5086
5895
5902
811
5205
6806
5019
218
7063
2839
899
1160
1203
1429
1387
1997
1573
7258
7859
1373
4879
5436
1861
3396
1517
422
3818
4785
4583
1818
3454
1329
4848
482
3141
5599
880
5721
6520
5790
6671
6975
2046
7256
3847
4260
3117
1787
1993
3813
6389
3953
3439
852
1171
366
5822
3982
3089
3891
7126
5002
4959
3086
3168
2092
2025
4349
2084
597
5422
4169
2009
1195
5820
2934
7212
3049
7752
3510
4664
7365
140
7074
1674
295
220
7796
7949
4492
2841
6337
4129
5786
5416
729
7564
5080
3262
1054
2123
1305
2020
3383
2184
3937
5781
6777
6006
6582
3129
1661
538
7558
4892
7530
1438
4256
6853
6831
265
2424
7837
7161
633
785
915
7958
2853
2081
2014
2913
3493
5036
534
3177
185
7988
6162
2480
334
1439
1679
4602
2847
367
7851
7570
17
3605
106
4563
4681
1577
1948
3962
5888
3975
5616
1947
7510
826
5958
84
7919
6148
2883
510
4053
4707
7712
3627
1632
309
1155
2179
717
4031
4178
571
2219
4955
766
4720
3022
2768
1966
3303
7274
1958
2515
223
6974
6209
1513
7201
6243
4346
6067
5233
5403
2450
1827
6249
7405
3567
3858
5414
3320
3568
890
3222
706
388
6730
3462
1745
5557
7499
2828
4770
7649
6206
4903
3425
7143
7493
6328
6099
7039
3140
6578
1201
7848
6734
3234
2461
7920
285
3039
3451
5705
69
5574
1092
7900
5571
4967
3009
2260
253
7385
3834
2429
698
6108
270
1897
6359
551
2487
6113
372
431
4038
7234
4017
5345
5744
7659
3189
359
4541
320
2545
2113
1831
4296
208
592
5238
816
5318
1833
1907
3871
5544
756
4273
6021
2964
6171
3055
6534
2254
6704
7798
3415
6933
6048
5694
7177
1260
3233
7347
3843
3845
7271
5863
6060
1786
3099
5461
1411
1892
6508
7931
1118
2919
2712
338
3749
1935
543
7202
5640
4171
7793
1030
3754
2697
1247
2236
4570
6318
6131
4133
7818
3527
4652
4367
6246
2468
2301
6948
76
676
3227
4215
2569
4016
153
6404
3360
1532
2285
1324
3884
7951
6282
2816
7768
5041
611
6047
3188
7048
5990
5716
480
5208
3969
4301
7846
207
2938
7142
6674
5257
5555
5194
4076
7477
4715
887
5642
602
191
6488
5296
4722
1597
815
2026
2613
5506
7151
6662
7093
5729
7507
6219
582
574
2950
977
1003
5898
7679
5639
7732
3201
6670
7192
1603
4645
2410
4948
2308
2345
1386
758
1812
957
224
6516
1238
5193
2708
7856
6728
7653
6080
4493
4612
496
1169
2984
2873
4593
6170
1772
6702
7568
5521
978
5690
5769
1798
810
736
4993
122
2439
4043
4250
3933
5925
6413
164
7721
2479
4572
6798
5584
1779
2048
3297
5091
1307
845
1548
3555
5679
2302
2703
7847
1407
7771
2070
430
7213
3125
1582
5092
4833
1865
3796
1482
121
2416
4792
3743
1361
1374
7378
1159
7395
4065
2457
6925
5089
1672
3339
1687
7285
7772
4799
4869
7928
6967
4498
516
4876
3232
1968
661
4409
1859
3791
4141
1443
48
3909
7186
5467
4788
7647
2093
1401
4789
1705
3934
1701
762
7450
5825
1598
735
6032
7886
10
3496
4958
6220
1874
3835
2227
6814
5465
6908
1365
4172
6252
4018
5261
2299
2780
2003
1248
5349
2069
6279
796
2663
636
3648
4665
339
1104
6196
1163
6409
2658
7652
6870
7829
6495
7066
4641
4001
6343
1351
6423
1904
3876
1129
3889
6363
5321
3428
5489
3195
4522
7357
7626
4144
7755
5145
2133
7482
751
1899
530
6285
5398
5475
6147
693
7696
7340
6840
425
3545
1539
1564
2365
1794
4203
529
5550
1537
1399
7791
4281
2944
1838
3951
6803
7708
2530
879
6615
245
1562
7824
7152
5939
7108
5760
6921
5907
3761
710
682
5894
738
4099
5956
2378
63
6405
4626
4778
5911
4251
1050
5804
7624
2903
5486
3827
4286
2190
7456
6266
5525
183
3114
5115
6393
1056
5151
7656
4423
2032
2556
5796
4338
1600
4573
994
6712
5337
1455
3746
4157
3655
5829
1775
2832
6030
100
3798
6215
7916
6075
5425
235
1884
289
2601
4969
7903
7521
1485
254
4549
3769
1925
6748
4384
1645
7672
4894
3929
7661
2510
2937
2476
6884
5088
1591
3426
3502
1694
506
5807
4906
4859
2916
1046
2024
7490
3389
141
6976
4888
1352
3639
4761
7731
631
3512
1711
44
345
1350
5324
1867
3846
7761
6912
2550
4104
1666
3285
384
4737
4324
1236
6378
642
2407
7627
1002
6565
1308
3136
4497
47
2668
4287
6181
2491
2321
7804
7728
419
2244
3028
6676
2636
4140
187
2599
996
2
4390
6082
2496
127
3334
192
2380
5831
7809
474
1073
118
7668
2735
1266
2562
7407
149
2180
3194
7973
1936
5524
7445
6151
3445
2686
1730
3728
5023
5784
3869
294
3440
6027
6454
2330
5435
4373
7145
4666
7121
3027
6514
1869
7015
555
1823
1956
7861
2979
6085
6858
5999
6659
5469
4685
2042
4372
4277
4220
2218
2927
1303
1120
4046
5847
2157
402
5184
3314
3139
1882
247
7839
643
3410
7528
1976
335
6426
2090
6465
4756
445
5316
5979
2982
2806
1594
7307
1870
1877
6900
2173
5119
1608
5332
2691
1664
2392
1293
5685
4062
2767
7999
5356
7889
5255
1709
4864
125
1747
7457
1715
1144
3547
2912
5024
3794
2252
3619
7832
7811
7640
4539
1227
5768
136
5848
2314
6845
7082
3923
4073
5934
5531
4047
1848
3680
7472
1774
3696
1656
4704
3142
6489
7522
7909
5430
6815
813
2618
6685
5460
1980
3
6588
5676
6373
6044
3959
3069
1389
4875
2488
893
340
4618
5750
3315
7075
702
1516
3663
3701
7098
7203
1527
5121
4153
6839
3079
7059
2505
2609
823
1492
585
4990
4510
3682
1610
2760
4524
7734
491
4312
5490
5643
5322
4633
7228
6304
5593
4729
7535
1464
1376
1061
2696
3556
1406
6262
6544
3767
1943
5450
3035
2824
3566
4479
6882
6123
6616
7299
1828
1678
5530
5293
588
1716
4162
5543
3704
3123
4501
3295
6501
1534
651
5077
5575
4461
1153
7766
3629
6139
5505
859
3647
7000
5802
6394
4694
485
5608
5068
2249
1172
851
724
2187
4067
2563
1872
2971
5258
2741
809
5033
6446
4271
6267
3831
7840
2449
4183
804
6461
1333
3343
901
6944
6560
1113
3601
1075
1028
5548
6711
3730
5327
5892
6832
3409
4228
7561
2376
4431
2578
4166
1637
5123
3944
7758
3560
4087
919
5935
7223
4604
1349
7704
5949
4365
3824
4779
7747
3429
2481
6809
3265
7185
3279
5595
1271
4581
5931
7012
7353
6720
2382
1713
2498
6661
7870
7745
2071
6415
284
7539
5755
7154
912
2669
6484
5622
355
6795
1636
3986
3212
437
6033
2667
446
6357
6796
1698
6749
6323
6818
596
3131
4134
3277
4827
1309
7389
4613
5424
450
6498
4418
1037
754
5428
7103
7555
4465
1013
2034
3302
1042
669
5900
4922
233
792
1529
4752
7055
1845
4584
6365
3760
3740
1332
600
3164
2960
2811
440
4309
4979
75
6015
1618
2073
4364
2987
5688
463
8
2058
6571
2054
7902
1839
938
6121
4940
481
4092
7065
4640
1996
2889
321
4336
3312
7005
6739
2807
6727
6877
1097
115
7616
2547
6700
1555
1521
7101
1035
5715
3998
5552
3643
1971
4197
2413
4870
4529
2623
7646
599
83
5579
3498
3432
5455
6309
169
468
3915
1209
2898
7373
7764
1109
503
341
7162
1461
3665
3603
6479
4995
4430
3301
2610
4839
3053
6261
4683
3832
7866
6114
7833
2570
2405
4519
7946
2280
3356
7096
37
3127
687
2522
7040
3940
3446
7926
7685
1015
1091
5248
3660
2186
2478
1495
7157
4350
4759
2121
7895
3347
234
603
500
7741
3147
2884
7349
4709
748
4983
6800
3925
2833
6274
3872
237
1785
2428
5058
3311
4835
3591
5893
4803
2963
5166
38
4733
3266
1844
2804
7310
1826
5190
6581
3866
4527
575
7858
3748
2210
1906
3155
1087
5212
2598
3829
15
1704
2341
4556
5173
2307
6642
4239
2729
1751
1817
4871
7302
2687
5109
3042
871
1058
4032
163
2731
3725
1161
5163
2270
3150
7548
3230
909
2459
2482
7532
1272
2147
1722
2115
7029
4377
6191
4175
5395
3134
1483
3478
2268
2985
6332
2630
1380
2234
4460
2507
229
4904
7019
7596
2576
3670
1100
1139
3183
5494
7669
2328
7763
2986
848
1690
3613
1116
1391
7294
3423
4836
2055
4723
6183
1241
4880
3191
6693
1277
175
2104
19
2098
4631
1094
2876
7954
4200
7716
457
7004
3192
6011
1946
2128
3764
6160
6609
3582
4503
6303
7592
4540
542
900
7158
3807
6019
4242
1866
924
7255
1184
7540
4146
1560
337
2324
6175
4037
6776
1657
478
6481
2553
5298
1287
5972
3735
5466
3102
7279
4688
5110
2587
3087
120
1433
7486
3780
6264
1199
7800
5607
624
4392
6512
7990
3040
7808
2193
7257
5539
3678
3231
4550
7173
7690
7356
7360
6742
3424
3673
196
4582
5758
4295
4815
5156
3185
5857
5241
271
5545
1446
1680
4213
891
3903
1079
3004
6293
1187
7434
878
513
7049
5538
7452
1176
4925
5971
7136
1805
65
1504
3186
5713
2243
7816
3306
6587
2027
7940
6370
7575
488
1998
6449
1047
4928
7657
4237
935
2866
1524
7249
1634
3460
2951
3898
6
1220
4564
578
4731
6973
2711
3705
2235
6271
1356
3724
1986
6579
1192
1614
428
5528
5239
4891
5596
7692
4466
5216
5762
5253
349
4422
7589
2436
2099
211
1518
4555
6000
7311
3448
4637
1543
3683
4427
6189
2740
6723
4594
1802
4486
1027
4442
7842
903
7814
1452
1212
4801
2130
1316
1327
6310
3755
5247
1325
4382
3122
1505
5533
6198
2901
4805
5
6486
7458
1741
1566
2629
2420
3694
7496
5928
3981
1692
4695
3941
303
3840
2120
7301
6683
2213
6899
4182
1557
4360
5280
3551
6986
1551
6825
3875
2738
1931
3758
2406
256
2750
5050
7417
1881
6655
1317
3508
2798
70
2709
4412
5696
442
3115
6617
4706
3467
6634
4886
4569
7427
383
3686
1565
2762
7569
7749
171
5846
5859
768
5541
466
2746
7930
3018
2765
1033
7812
6897
2996
7504
4441
7022
664
7355
391
1074
4658
4811
7194
5365
6301
4040
1292
3515
921
5674
4630
5498
6218
3037
7171
4902
1353
5930
7410
2947
2856
6022
7315
4201
3860
3305
6576
7140
864
2641
1489
988
3351
7872
3588
3353
2781
5170
2872
6923
1841
1586
2414
6411
6078
7865
3008
7303
6477
782
4025
4896
296
3577
2997
4444
2074
2036
7683
4937
1926
7890
1712
4002
6054
4622
6375
6824
2935
5797
4649
471
390
1390
6562
767
5421
4783
6962
2645
2922
4068
5344
2136
7214
6873
545
4599
4857
2077
6871
7182
4692
6680
6533
5937
7777
81
1790
1644
73
4352
1296
3557
5995
2150
4881
6830
7205
4931
54
7313
371
1583
7658
1460
4874
4184
7051
7080
2171
6092
3272
6813
1244
3367
5060
2555
4499
1890
3900
4521
2197
1760
3625
4003
7498
6926
5124
4945
1799
7762
7714
683
6362
453
5096
6063
3214
2671
6116
1364
5278
5653
4617
12
5040
2539
4978
2727
6725
7566
2850
5406
2688
5890
6537
7878
6058
3482
1085
7516
3278
4179
4999
4318
1392
1312
2689
3534
7010
1540
4381
305
7782
4113
7994
6156
4173
399
28
5055
6319
5317
1249
240
6697
4181
4261
6940
1486
6159
4288
4488
5659
1005
6607
689
1142
4512
3633
1306
3091
11
7553
2529
4454
7323
1382
6410
6239
4917
4024
3774
4095
4395
2340
3806
4760
3313
4965
3988
3541
397
929
5305
1008
5125
5647
449
2183
2992
7678
5651
6743
5819
4021
6558
2701
4577
6551
6817
2401
6174
7380
5604
4786
773
2865
4069
1570
4750
7925
778
4013
4246
4490
3043
2474
4150
2627
3894
944
281
5165
2755
1642
7429
1937
2887
7662
5140
5821
3120
2057
27
7750
5459
2652
786
6008
3492
6878
2151
7453
4130
2957
3443
1553
634
1691
7209
7377
7252
7711
4960
7703
3745
4557
5150
5717
6942
1752
2224
6182
5453
4947
6998
1750
6127
2571
5048
4401
7562
2399
4774
1983
4667
2946
3149
4313
956
3172
7422
2089
7043
5271
1208
6970
3632
3247
386
3737
4985
6555
2358
7288
3005
2954
853
942
4952
5487
1853
193
1451
6212
1188
1043
2037
3644
7132
5747
2851
1140
1311
1868
7935
4290
6763
7831
1417
5945
7743
2499
2465
1396
4866
4402
102
3290
2528
1864
5177
1724
4111
5520
2526
1493
7968
7706
3036
716
1662
3151
6221
6929
4494
3417
6193
4648
4518
5094
4404
1132
1568
6384
5978
3595
6753
6688
5246
2998
4345
2632
4357
418
6701
2056
3156
4822
4808
6238
7991
3404
1040
5830
2988
5141
1630
704
5861
7402
4627
3961
107
7876
613
6957
3499
4817
7436
4755
6414
7435
7518
1673
2967
2933
3002
7269
7275
5982
4206
7007
7934
6731
6421
6366
5546
6087
6460
6335
7593
965
376
6487
7826
884
906
1923
7489
2904
5777
5580
50
4509
869
6876
3837
7425
5265
1039
2661
6517
946
532
6732
3637
4854
6480
1932
5854
438
3318
60
1626
441
7025
4634
7974
3713
5652
2677
4766
6104
5397
4267
5502
356
531
3434
4186
158
1885
7547
734
6064
4481
5600
4225
1458
6772
4734
6207
744
6835
3579
5771
2257
7680
4477
6056
7338
7605
156
3855
6324
5955
4158
646
5085
1206
4224
3030
6566
1940
3399
7718
6837
3469
3535
2995
920
4058
1832
1228
1051
6385
2721
7229
1363
7147
7586
291
3286
5396
1660
4865
6895
4726
5832
6577
2125
282
432
7443
5081
387
3623
6381
5869
4912
5883
1525
4574
1837
202
1723
5655
4671
2041
5160
1049
5858
2164
7444
5594
7606
1126
490
5496
6535
2693
5884
1259
5965
2477
4849
1640
3964
4079
3978
2292
4102
6573
7438
6133
499
4397
4528
4354
833
1459
2045
2859
311
6875
5633
1165
6504
2060
2097
2129
5560
7331
665
7689
1182
1371
5852
7845
6606
6966
1875
7439
5378
753
408
1894
623
7913
6638
7392
7727
231
4212
5707
3897
3949
7684
6197
1168
287
1895
2834
2646
3634
2385
1569
1225
2961
7047
5478
1821
2349
7910
4448
6789
5328
6103
2483
7041
7072
7091
1415
274
4708
522
212
6699
3436
4772
3887
1822
2315
7773
1196
4082
4644
3912
4946
7987
2172
7031
126
5288
830
4107
104
6883
2004
3378
82
1854
5054
3106
6257
1912
755
5635
7525
4898
1959
7694
5070
7677
3926
4531
6051
5914
2930
5590
2148
4406
832
2653
1676
3635
1914
6308
932
5943
2877
9
1273
7149
1420
2559
3890
7580
2589
7797
6468
4266
5805
6721
973
4416
2388
2105
6372
7650
7948
7533
5787
2366
4728
3161
1250
6751
6029
6184
150
660
4329
2135
2363
6539
5183
4054
181
4232
6145
5138
6270
875
5106
2160
975
2221
4443
59
7286
7368
3324
4868
6077
5472
2347
7623
5348
1930
6945
4199
5129
3631
4120
7942
5076
1814
7799
5413
5718
5641
4300
5484
2493
3370
3826
5399
1468
5761
4997
3269
2359
5203
7898
6298
5147
6024
970
1886
6766
627
1478
1984
4824
2201
219
992
969
2978
1453
454
5536
7643
2181
154
1403
6292
5437
5977
6340
1558
552
7980
210
1229
4387
1019
5809
5307
6376
111
7115
6958
5733
2994
6919
6790
1604
392
4798
4642
3258
4012
1063
7348
701
201
2395
5727
6192
7975
867
6065
6096
3321
2734
3480
7924
5201
5006
686
5157
7884
6997
2540
6144
1511
6756
3017
3433
4207
7071
7281
2400
6665
2999
1944
5736
2475
4586
6601
7675
5030
5946
203
2754
5277
5748
4028
5021
2039
6561
6173
3569
5510
3061
5621
410
5951
2583
881
7412
2631
4690
7607
5623
7460
6166
3717
80
7277
1235
161
501
2716
3880
1726
6322
834
4989
7536
5606
539
3412
2049
801
1207
1509
518
142
7253
2300
1480
5964
4449
4638
3617
6687
5497
4089
159
7284
5231
894
7125
1714
5251
4591
622
2826
3659
5210
5289
7381
4606
4910
5611
7328
2868
4796
6754
5941
6820
4468
6368
2445
4820
1474
79
5128
2310
1810
1011
3805
2342
6124
5355
2860
7455
5864
7645
2052
3082
961
380
3405
6095
2770
7220
6494
405
39
4650
6891
6016
1343
7794
3695
3823
495
1344
5993
7608
3950
1908
3340
1110
7361
4341
5968
1219
26
22
5573
459
3116
5221
1631
5057
326
750
1891
176
3854
85
1720
2989
1778
6783
1780
3050
4662
7123
4921
5020
4537
1029
916
1450
7617
4456
1571
6888
2343
5689
1178
6510
3385
6965
5626
7109
7688
5329
5286
7781
252
2809
7341
2267
746
2251
3699
6482
1491
1064
5578
3825
1852
1418
4353
1880
7056
1071
7719
3422
5629
5708
1341
6850
4794
4878
3276
1961
328
1024
6985
5215
7633
5564
1141
3596
2585
6995
6651
5866
6880
5343
1669
5340
6472
953
817
2638
5870
6626
6072
1503
3658
7735
2969
7221
2758
1115
5518
3968
5326
2670
941
5431
3345
6168
7127
7854
3819
772
7957
5731
1383
4887
1181
4433
4883
1753
655
1385
589
7448
1612
1792
7531
3066
4698
4450
7512
5645
4052
2773
4862
87
6143
4717
5444
4483
3138
5059
91
1339
4653
7239
1173
7881
5582
6469
6893
3750
4366
7790
7210
7261
7691
1727
3976
423
2489
594
598
5913
3836
5499
1574
1410
1576
1147
5553
3307
5418
3046
3014
2337
1813
2552
2404
6781
4434
4135
357
7215
5412
7026
520
3354
3374
5479
5872
657
3878
4139
5445
3862
2421
5991
2574
2286
923
5855
7894
4920
2825
3350
382
3768
1062
6195
5625
2126
7509
3842
6312
5031
1204
4036
3782
1394
6887
7430
6031
743
2458
5810
3208
2942
6989
4060
4405
6100
1223
3000
4383
225
1670
2030
1444
1707
3574
5953
179
261
3841
2672
5032
6793
3881
2783
1519
4094
7060
99
4439
1627
3775
584
6785
6672
2275
3533
2864
3971
4445
721
1535
2568
1811
4007
1467
2567
658
3299
6630
7358
4421
7028
4908
2467
1782
2175
7915
1942
2294
2879
30
629
3816
926
5562
1300
5411
3526
3105
4333
5817
1641
5018
680
6807
1434
2368
6592
6757
6441
7933
6188
5103
6654
1975
5886
7166
5097
6619
5164
3216
5087
3549
4813
34
1563
7134
1127
6867
5442
3607
283
1125
7697
896
278
6226
3504
1900
407
7943
3455
6400
1377
5806
2651
6794
1896
6557
577
618
7280
3218
1234
7397
2918
7113
6792
1749
4605
6490
21
6741
3006
5342
7801
6406
3288
1435
4905
3175
1090
6333
3723
4568
4900
2005
3032
4276
1840
6718
7383
913
6747
6120
4074
2063
6600
259
4590
7563
619
7442
7260
4655
6135
4916
6307
824
184
1191
5401
780
3559
4116
292
214
5407
299
3942
6288
6610
2061
1580
3911
6050
2035
3624
7180
4154
7241
5602
5181
5660
3180
6639
4867
336
5130
6620
553
4597
7517
979
7107
2448
462
189
6568
1920
2163
2593
2409
2829
1609
4732
2119
2757
6395
2022
974
3553
6185
2192
5903
1717
1995
5474
4188
5910
4400
2842
2462
2492
5153
5619
1860
4347
4115
843
4471
314
1246
3355
6816
3406
7167
5772
3983
3863
699
4437
2615
6996
4118
2390
4592
3449
6624
4391
7042
5834
7635
7560
7736
2503
132
7565
6278
378
3487
2520
1650
7699
4057
4791
3864
5477
2360
7778
559
5446
5613
4337
2511
7827
7135
3395
4736
4302
2043
5331
2534
653
4192
7097
7464
6377
7189
5302
2140
7912
1143
2211
1855
7611
6356
7997
2976
4987
4553
1133
3256
5853
4981
3776
7426
1252
4378
1552
3693
6329
5234
7408
6349
3237
2232
2533
4234
5587
3085
7478
6434
4056
7325
152
401
3113
373
6664
4609
667
565
7571
4517
2581
6076
5738
2012
4114
1321
6860
4716
7454
2158
7644
239
2643
4532
5966
2335
3519
6176
7190
6443
7748
1911
4487
7466
6872
5433
6656
6447
546
972
1797
7936
6416
2217
1215
6778
4850
2785
3583
2418
5514
2573
6978
3254
5158
4806
5927
5698
6018
6511
1021
4216
4305
1793
7119
2194
7722
6943
4355
1510
429
3457
3263
2274
4061
6934
5400
7815
1016
5566
6004
2202
4982
4272
4872
2759
904
6684
5739
5885
6540
5113
6529
1905
5954
4588
145
1708
705
6314
691
7160
71
5488
3012
1559
968
4719
61
4825
7246
5692
6009
6431
4307
4009
5334
4780
3771
4292
4280
3271
51
3166
4575
2897
5137
6471
2808
6455
2015
2779
7501
2763
812
6987
323
5862
6177
908
1536
5264
7174
4693
507
6650
7016
7789
2914
7230
3169
7120
5143
4863
6954
5454
3804
1179
3938
5142
5333
4211
7322
4740
3554
2718
697
3021
7519
6903
5426
4986
5245
3411
55
1769
5015
1579
5638
2247
4831
2516
6112
7641
4773
1251
1684
7081
7088
6141
914
3684
3783
238
5649
5568
4176
7636
2733
3719
2362
5667
5126
5947
7156
3083
610
1994
7513
5287
7287
7396
777
7892
7138
5875
4480
7416
776
7083
1878
2162
7021
847
951
475
7891
6745
5828
3802
3707
2925
4190
5358
4506
2855
794
3664
6344
1898
3772
360
486
1395
3154
6918
2588
464
7432
3913
2594
7266
6341
7479
6603
6842
7045
7785
6591
7485
2929
4933
3077
5632
3273
3651
5285
2196
2374
6658
241
5204
2959
5237
5419
5376
1326
1012
779
5637
1086
172
7273
728
3474
6231
7961
5065
1154
6580
4889
443
960
927
4128
2242
4282
6057
1214
2446
5377
4396
3963
799
2116
3145
1682
6088
7584
580
714
7095
5803
2948
798
3184
3173
4050
7293
1194
479
7673
2725
6838
5038
3563
6567
737
5132
3578
4660
5226
2076
677
3468
769
7965
7660
2207
417
2761
4236
5789
1068
375
4621
6248
5195
1770
3111
7597
6663
1197
3078
3697
671
7390
1806
6802
3107
2694
2107
2364
7600
1587
5826
3618
7094
3822
5240
2191
6142
6126
1647
3118
1232
1218
3198
7329
293
4834
4782
1706
3011
5899
5104
6604
7803
4578
7663
2334
3413
308
2920
4837
2744
403
1299
640
7828
1205
5669
5534
4620
4198
3844
3481
4684
6857
3176
6737
2494
1243
4677
1788
7117
4257
806
4298
5169
5313
6812
6256
2724
5908
508
5957
77
1202
4544
1596
1919
2921
1170
1481
1284
53
7976
2794
5495
5517
5618
7116
1427
1922
1346
5481
7052
2524
587
3857
7334
4654
7595
1200
4623
5601
5341
4884
3610
715
3828
1909
151
2932
720
1267
6977
5876
165
2497
2264
3602
5220
5730
242
2891
840
5792
647
5232
6347
3483
2659
6509
4160
4996
4177
2078
7391
5074
2788
327
1978
5845
2485
3859
2655
1362
6157
2926
4674
5666
1883
5043
1146
1999
6765
7914
246
7090
4219
4438
5976
5605
4739
6769
5960
4308
620
155
3756
6350
4735
2313
7363
918
4304
2848
2146
7413
1544
4020
5223
5037
1322
4797
6629
1989
5813
5105
6397
4934
4841
742
2085
6759
984
1135
2565
3026
3939
4598
14
6909
3734
3044
5563
416
4663
3059
839
4899
7720
1547
5814
472
505
6572
317
2103
6799
1053
1933
6941
5664
2174
2101
178
800
290
1703
5778
4753
6993
6422
3977
1737
2423
5451
2283
1137
269
4097
6696
3023
3401
4530
1683
2766
7642
1072
2079
2549
3094
4238
2705
2083
6105
3540
971
3795
3957
2393
562
333
264
5056
