8033
1368
3164
272
8915
8973
1300
483
3305
3245
277
4608
3061
2748
4371
8890
6122
1810
3655
54
1423
5384
4576
7040
5731
4056
2910
8317
8644
2235
820
4914
6763
2950
3213
4553
211
6252
1957
4064
2816
3042
6418
3581
3298
6882
8963
371
708
524
2628
777
7200
1433
1453
8842
377
2638
5353
7119
5842
3186
6087
544
6374
5345
4928
857
5463
6245
7203
6737
2523
1104
3619
5436
2563
695
6652
511
1152
3598
6145
6137
6457
1143
6222
7813
7582
4577
2301
3762
2033
7801
2486
4858
3558
559
5508
7772
7320
753
8820
4207
8897
2350
6214
1440
1353
3040
1854
5556
8939
2098
8205
903
6818
5885
2581
7338
3421
4465
7687
5058
2154
6601
8759
5709
1996
2317
6052
1281
4596
4418
7983
3765
8273
5161
1900
4284
3960
715
3468
5951
2953
8871
3167
4353
3735
8014
8601
8423
6878
962
7464
1503
5827
6816
7098
6655
8715
7011
4748
3856
8450
3794
934
6733
969
6155
6595
3618
286
6351
8139
3441
1430
8693
271
1640
6241
3522
8571
7523
6913
1684
3078
3150
3111
6069
2113
1258
2339
3707
1405
7976
7153
7314
2167
5973
1518
8578
1213
637
7462
8213
3906
8066
1929
7005
144
3631
6285
2088
871
6234
6298
7736
8637
4466
2945
7604
5905
3477
1647
3827
7274
8624
249
1501
8223
8767
3647
468
2836
3698
4040
6478
5654
1222
7900
543
5523
1170
5699
481
5302
6247
2765
671
740
7822
1661
5055
6105
6886
5734
7178
8010
4979
4078
5683
561
5974
3848
5498
3308
4442
3653
7137
7522
7252
1519
4355
8166
4097
1418
5606
7850
6259
3644
7930
1393
3967
8499
8538
1252
986
7313
6705
4832
3966
7997
2377
7572
5505
8449
1778
6602
406
1437
7873
1925
6389
3227
7149
6762
164
2681
1863
966
5548
178
5881
1249
2728
6035
3860
4230
3665
3497
5363
8591
635
1011
194
5539
8528
6677
1002
8541
7215
6029
4953
6173
8661
8369
5229
7353
4517
582
6299
5032
6366
1579
7428
7909
6117
268
632
4034
3728
1658
2640
6431
4343
1807
7340
5317
8951
6726
3509
7480
8122
3199
32
8537
1530
4680
7095
858
7960
8046
767
5307
2680
7702
2552
8516
5484
8923
6318
8870
3743
6527
1542
4400
143
8270
8424
819
2966
3576
6258
8201
5425
520
6695
5978
5122
5947
5034
1220
1561
3173
1082
3615
7712
5623
3319
3529
960
8142
5133
3511
5658
8184
3275
8548
3843
3535
3883
1655
3646
710
5879
7351
1279
8615
1027
3982
2361
3804
6547
5956
2740
8461
2298
515
2295
3755
6629
491
8738
4037
4622
5163
7779
2140
568
2213
2996
1544
1922
459
908
1825
1103
1339
7916
6646
3449
4794
3771
302
4404
7381
1455
4098
1164
5440
1482
3154
1317
797
791
5857
7160
2618
5311
7536
3931
516
2501
8932
7569
2466
7541
2961
3523
7374
1349
7535
878
1015
6479
8508
5283
5957
8876
8239
6765
3310
204
5275
2876
6949
2799
5327
469
17
6395
5167
7507
2870
6020
1398
2610
4715
5089
4125
5865
847
1086
7379
1921
7348
1354
7989
5481
5320
6183
118
6229
1372
5123
7409
8752
8159
8854
7709
3964
7613
5507
7922
438
1462
2048
4604
2969
1597
7115
3303
328
3295
793
6875
5180
7648
4694
4316
3229
8668
2619
6929
4802
42
6687
984
1067
8654
3451
1344
3215
6164
5930
2534
1853
613
7018
5187
8178
2691
709
813
6531
2187
5763
4480
2535
2481
7117
8291
2644
5036
334
6553
8847
6068
804
4162
2422
4606
4909
2700
350
6282
306
2018
588
2390
8524
7741
3617
130
6265
1841
5178
680
2811
5378
5678
1297
6955
1361
5018
3754
1009
5897
8125
2892
5207
8231
4110
6424
4055
2639
38
4083
6897
3582
3719
1560
3992
2520
7189
4885
4558
6001
1756
3639
5828
5780
4996
7361
2121
953
5801
6215
2664
6263
8867
4940
4458
1439
8242
7427
346
2995
342
1245
3585
2388
1838
3766
1875
265
1128
6529
8806
7008
7924
1471
6951
4318
7521
5297
916
7438
4090
7948
2558
7698
2669
3709
3050
4171
592
5212
8455
4440
1251
8382
413
8320
494
4194
979
1378
119
8599
7141
2921
3890
3930
3187
8827
186
7812
517
6831
1377
7171
5149
2492
8699
4391
1789
7347
1316
8894
4578
8439
6846
6175
1722
245
684
8048
8042
5528
8400
1884
2656
5566
2428
4710
7677
3071
356
3945
103
1523
6983
7188
1808
1494
914
6043
4628
8246
1449
7816
4153
1507
3431
3970
921
1582
6556
8832
8540
6432
8930
3043
3006
7110
5720
4531
6287
2123
5924
2660
3426
1280
4960
5841
1817
1710
4783
5582
4782
138
3682
5596
5192
3475
5111
3056
5255
6534
6716
3028
1609
1380
2355
5494
2277
4084
3171
669
3741
2959
6598
4860
5669
8989
3499
6498
795
7783
5750
8731
1066
7699
647
181
2868
2182
2383
7899
3069
6868
7456
2859
6747
4521
3485
4408
502
4895
3935
2066
7295
4671
2316
1274
6179
4386
1623
6045
4496
1678
5970
8993
6096
5489
3232
5300
6025
3510
5782
354
509
5589
3851
6978
6945
8383
2888
4564
3433
3297
5157
5945
6757
6784
6181
3063
519
4727
620
3440
8371
7421
576
2713
8812
5497
3088
4046
8389
8796
2807
1048
8256
3539
6294
8036
5689
8225
3816
1388
8664
2282
5454
7307
1171
5288
7339
7003
5305
23
5517
3370
2647
8385
8934
5236
5845
4997
8429
1948
2356
3301
5656
6049
5781
2109
2716
7594
8684
2099
6233
6380
5130
6378
7408
3641
4293
3097
4337
3949
7721
7457
2190
3324
3024
3917
8029
7557
4793
7405
6458
93
5127
2612
5601
6086
1869
8584
5330
4635
5083
5090
8235
299
7023
4304
165
7865
6131
746
400
831
5390
4651
4993
3787
757
6740
5443
7800
7350
7185
7493
6650
6115
7391
5994
8182
7588
6812
2359
5120
5490
2445
7798
2431
892
3586
1314
6919
5273
1788
7289
2025
896
1902
3613
2180
7662
3057
6923
2239
3693
5927
5375
5365
5714
6573
1680
2336
3333
6661
2828
3606
2469
8011
3342
3622
6315
6242
238
4365
300
5412
3115
8435
4877
3156
7897
3993
6217
8376
1551
3926
8831
1717
5474
482
8218
7570
5061
1893
2450
3855
5766
8175
5459
3355
4039
4921
2844
2367
1248
3471
31
8287
8312
5009
7412
8337
7400
546
5667
3962
8194
4527
2455
3258
8007
3108
2561
3768
3808
6928
7820
3030
4270
633
5701
6810
2852
3826
6863
3854
736
1264
6047
5492
1187
147
6920
5139
7285
8464
3222
5432
2429
5318
696
1771
6091
7140
7082
7860
7591
7174
3881
4739
6885
5635
8493
4664
3306
5583
1815
787
7552
2086
254
6411
2171
2929
6751
4610
5952
605
4494
3678
4054
4341
7830
7545
33
6355
3247
215
6562
1047
6830
3143
7389
6865
477
2259
8415
6510
6207
1750
6568
8506
8607
2895
2400
1550
2467
4132
2082
7680
2305
6711
385
1167
4784
3212
4369
7717
3209
4429
7992
8713
94
6375
7224
2369
3391
6583
107
7217
4050
7028
1633
6647
8681
6574
8477
2308
4367
4594
2777
7637
7486
6260
1429
1928
7122
3642
5526
1660
8677
3412
3526
4678
7951
5173
1005
7478
7778
1125
8025
1447
3114
3553
2011
8773
7735
8884
2312
5544
8838
8892
500
2424
2767
318
658
8983
7135
2047
8600
8354
8936
2630
2864
649
2384
2327
724
1404
8551
8475
3999
1150
6817
651
7479
4204
6771
7810
1908
5271
1612
2143
4603
8084
4684
6845
906
1253
1714
7866
3660
3513
5852
8271
1413
6309
4648
1358
1006
946
7701
5744
2626
7547
7377
786
3122
3121
156
2671
981
472
6393
7707
28
250
4588
8830
6952
4193
1188
6189
5068
4334
6617
7435
8171
3249
2977
4969
5629
7499
283
5093
4763
1424
1035
1888
301
8045
1270
504
2611
7845
5760
2812
387
8659
2070
8757
7292
5445
4857
727
2942
4025
8501
6567
2204
4229
1576
2968
4464
5237
514
5059
5873
1481
5815
7448
5154
8966
4088
3987
3223
8690
6386
1997
1502
7803
7106
1322
95
203
564
5935
7302
3403
5174
705
7928
8302
7722
7041
7418
1549
1674
6079
4059
6209
2504
3082
5014
135
7441
7934
5072
2643
6936
5939
7879
3446
8514
5147
5035
2303
6620
1271
5718
1461
6798
7910
718
5674
1964
4827
426
1497
4260
2775
8284
6491
7877
4012
6811
6452
937
293
222
44
6946
2939
7235
3484
3562
6519
3712
8078
3100
2058
7432
7593
1486
1570
7562
4717
6651
7814
5910
2629
1852
4840
2589
8233
3392
4335
431
4685
62
6788
1999
8984
3916
1435
521
1427
4859
1671
8157
2294
1949
6648
3923
6963
529
8394
1691
81
3620
7931
6037
8069
1157
100
177
5587
1241
6538
998
3101
7774
3206
2694
5308
14
8408
2994
3710
55
6619
7073
8933
497
1509
8585
1046
1495
4591
2068
4667
4107
6039
263
1117
8663
8765
2052
65
7129
1266
6976
7309
3627
5691
206
4757
1787
7644
6579
6291
5519
6916
5067
6713
1696
8602
1876
7624
1586
5570
4768
5007
7419
555
6451
430
569
4872
4180
5904
4922
1340
7065
159
2085
7675
112
1292
2426
714
3623
1218
3123
6022
2719
5487
706
5022
1581
6167
4385
2495
935
3821
4188
6709
8844
2568
3895
4106
5025
2693
3772
2325
538
4151
2607
4145
5961
6272
1733
1107
6319
6539
8996
8680
3327
474
2779
8912
7031
4751
5204
5525
734
928
3396
5176
151
7940
6019
5671
2104
7053
2781
3351
5198
1986
3461
7151
5416
2414
4600
4834
8172
8811
1269
5290
4158
5001
8688
3314
4490
585
7294
4682
394
6782
4533
8655
1664
8810
6338
1768
485
2357
3414
2458
4515
2330
3393
660
2787
6267
7929
852
3718
8718
4534
2722
682
6240
678
8215
8377
4407
7853
4792
4826
4147
8463
1242
5887
3591
7693
2733
3944
702
2564
243
7227
3344
1233
4395
1557
2720
4079
7483
1833
2491
4256
2487
608
1073
2258
8021
2603
2194
3046
1334
3353
6435
5310
1594
8229
6521
6388
8901
6804
3813
3637
3321
697
3007
522
1798
3715
3466
7105
4210
7133
6430
1535
2320
8094
6108
1154
1892
1943
6364
8183
1442
6667
3952
2128
1403
3571
2531
5622
6715
8988
967
6851
1858
3791
3009
1983
3482
5653
3463
6072
6177
5609
535
5883
1770
7828
3796
7326
1851
4714
5238
4364
6421
8111
7894
8109
8444
5708
1205
4214
6967
8960
235
3552
180
3570
531
2743
6469
7345
782
7673
6688
2446
3563
6382
3744
1127
2933
1617
5545
6130
1883
1201
5104
553
6254
2875
6440
2853
4723
722
373
7927
8706
4157
2293
7108
4080
6445
3498
623
6924
3696
4971
6523
3788
176
7168
5411
5554
2321
974
6003
8016
2835
4814
3689
257
3196
1960
1484
116
3045
1991
7978
4488
3839
1822
5748
4322
6132
8766
5475
1746
6213
6594
5452
1805
5538
4413
1577
8544
1053
1931
90
5011
785
5573
8523
8321
4231
7914
4875
7516
594
2710
5646
510
2406
6283
6943
183
8041
4926
5700
7952
5733
4203
4737
3869
838
1298
5100
4500
8470
1197
4472
4563
8058
3318
7858
2069
1636
692
6589
4222
171
3201
4073
2263
8081
59
1639
3194
5898
3083
8843
8953
21
6679
8114
7201
5862
7961
3894
4291
8656
6461
2930
6400
3036
619
7674
5858
8299
7179
7831
7762
8539
7821
1477
5393
3095
2815
5186
2186
4161
1081
4211
4995
8727
2404
3877
778
8702
4672
8682
6396
2407
5976
2022
4803
8222
6745
276
8261
2919
4134
6993
3375
7947
4310
3406
340
2924
2248
8390
4867
3778
887
2962
420
5521
3188
69
4070
6779
6912
6484
4657
8306
8725
122
6644
5735
1479
1161
4441
4697
4419
7543
3722
1496
3093
7318
3182
4258
6518
4679
7194
8642
3041
8879
2251
936
8491
4883
4053
6732
4627
7688
2162
2115
4732
7787
3845
3341
1465
6708
1653
4287
6244
2837
4866
7164
4236
6125
2214
5324
1584
6348
114
252
5016
3316
5805
3472
2632
7147
2873
7359
6649
8974
6703
5955
4221
4017
3495
5943
3880
4276
2963
1165
850
3129
3299
6748
8775
8907
8716
3013
4156
1565
4378
5024
2159
4530
6898
2344
4755
8595
8462
6416
7862
8264
4518
7614
2290
8763
8534
4280
841
3726
6808
7754
830
3354
5491
2131
6206
4401
4810
4127
6564
1443
3533
3192
4707
2254
5866
5989
8026
7375
451
3862
92
8181
1021
1017
6000
6201
5625
5294
2488
6316
2433
3010
8898
1994
2462
3934
4767
2041
8054
5141
5724
7645
4047
638
7459
7445
1895
5493
4208
8034
6277
5769
4438
1050
1725
5209
2102
5624
8582
6692
2749
4947
8687
7139
1621
4582
6212
2141
2932
796
7240
5336
2057
1673
877
2847
4027
4510
773
863
602
862
5482
1513
2136
7034
4124
85
6571
3551
700
3450
8833
2757
3079
279
4432
2076
5113
1038
4601
6823
2016
2156
6017
3281
5919
2778
3643
5533
5137
8113
3544
8560
1275
395
4956
4562
2551
7560
234
1319
2734
4129
3492
4286
1642
2912
127
2243
6986
4630
7056
833
7214
5509
3434
26
4461
1533
2453
6281
1736
3120
6549
2525
7029
8216
5928
7193
4121
3280
1402
6296
1505
7121
7450
4430
2987
2685
261
6691
2596
345
464
2636
1719
8671
8489
5433
6849
6820
197
731
1790
3211
5711
8791
7504
2211
1541
6447
6095
416
5304
6599
5158
965
905
3347
4862
5983
5241
8567
3662
2981
5407
6099
4038
3852
7584
3500
7248
2918
3670
1625
659
6990
2529
6872
8189
694
2419
7497
4537
2476
5995
2229
3751
6354
8403
3383
3761
488
8748
6408
8263
7024
1587
7678
5406
2413
5687
4326
6352
478
6082
8694
132
8981
8022
2434
317
5915
3233
447
3607
5685
1184
2045
1764
5513
3519
6980
5332
3814
8254
8160
2584
365
4511
8035
1751
5773
8873
5778
7490
1369
4431
7564
1100
2829
3014
5913
1528
5579
5722
1110
1474
8952
4185
5341
8391
8658
242
3745
1942
3720
3047
355
4696
5524
4925
6874
7467
5450
7807
8151
4382
6197
6678
8927
6081
1014
6011
614
5124
1940
39
418
5202
3089
4196
8013
6425
6590
3910
8073
7918
6887
8000
6133
2310
4966
4271
3081
1108
5639
3424
2226
1457
2675
8498
1227
3953
8332
4873
4937
8804
2403
88
5598
2937
7611
2606
1416
4891
336
8789
2931
5666
1620
5764
5268
3683
2172
1193
3537
155
8673
6111
4607
2971
2271
6761
8587
8529
3779
7231
5645
7229
4297
5420
2010
7146
5534
4841
422
5644
8188
5599
4659
3876
6123
8387
7127
7158
2179
2804
3230
646
7944
6357
5849
4556
2454
653
7454
6106
7710
5621
1261
792
6944
3565
2401
7806
4478
220
4166
8492
6766
7596
7513
5562
4237
6415
8613
7288
4716
8917
3853
5069
3254
6860
3240
4561
7157
7114
5184
2944
2576
1993
7118
580
6162
2247
3062
7088
153
1421
1428
470
7319
5643
5402
8281
4888
6508
8856
7336
5312
2676
5743
480
8232
6541
3339
1745
2747
679
6112
8695
8191
2169
1146
842
1862
3387
2019
7998
5704
7498
685
8295
7967
2436
1830
2288
1357
4252
3723
4383
7401
200
1517
6273
5277
6707
7036
661
6793
7996
1392
8625
6438
4206
4275
976
2848
2363
2768
7616
2742
8737
5457
475
226
7303
7663
6881
6275
5531
3343
4536
436
2165
8777
586
212
5941
6662
6958
6857
3900
5044
866
8236
2315
4452
3225
5522
3748
7671
7568
8101
3224
5259
8352
6783
310
1995
7466
3130
262
1512
3632
2782
2732
4552
3701
5129
6856
6889
1056
4313
5422
5447
6080
5832
7685
7142
8379
8252
2865
1296
7994
4191
5291
2776
7124
5138
3438
2674
6462
5603
4481
2997
1532
6760
2292
4250
104
1738
4273
3139
3588
1629
2134
6146
8481
5046
7867
7668
8186
6203
964
4469
8414
3060
3958
3309
7433
10
7202
3346
5012
1320
5041
5843
5581
5636
7946
6645
6853
7102
6313
1950
4023
2506
2240
6902
5285
2065
2004
4965
366
8947
1202
1420
3650
3094
5091
1567
8496
5966
4702
7875
1963
4923
6219
4424
5462
3250
6600
4695
762
1926
2175
2886
8286
8269
7355
5723
2126
1885
2764
2990
8918
1663
5383
571
6841
5740
1010
2354
7799
2761
3998
184
6844
7548
8158
1142
8292
2042
5269
2054
8331
7583
7870
7676
8227
889
4754
1846
5619
8590
1303
2002
1688
7512
1191
2673
3704
1074
6822
3362
2590
7489
1954
2000
7238
5356
3124
136
2684
7064
2955
8776
2470
6236
8373
4483
2622
2257
5911
1432
4634
6892
1743
3358
8505
5914
1054
4609
652
4968
8353
4269
3410
5834
3335
4265
2792
7550
5000
3145
814
4133
3995
2420
1158
4811
4122
5070
1466
7571
7750
1573
1397
5281
8467
5136
7079
8197
4128
7988
2074
1775
3536
4712
5662
5936
3382
6347
3054
4289
8267
6360
1955
5793
7369
5461
4705
1959
4352
2043
2440
4570
1578
8258
3395
1650
8410
2601
1752
848
884
1590
6353
1977
2556
5870
19
6877
567
2395
7936
1391
7528
1235
5220
2567
4844
4807
816
3365
5717
2372
2146
5555
5719
2412
8618
7440
1059
3758
7791
3630
6271
8093
781
5346
4790
1148
4411
185
8368
8954
3242
7116
5234
901
2769
975
1422
954
6586
2238
6581
192
6813
49
5135
8206
296
3334
593
7280
6548
1871
8859
2890
4930
1591
3271
4677
8589
3691
5787
5518
3147
2092
7317
5210
8341
5270
7396
5451
812
8708
364
3340
3685
2583
756
4109
5194
7388
4915
4941
5062
1814
3205
5214
2657
2268
533
6113
1285
4439
2044
43
2984
217
3742
799
1682
8900
670
5351
2005
8905
8334
3819
1727
779
1041
7236
2112
865
4703
8466
2283
5033
1321
7500
2241
3131
1956
624
4975
823
37
840
4374
8669
5757
5810
8550
2144
6466
1917
3686
6012
1135
3074
1022
376
2116
8257
6465
1536
8846
5177
5
1381
5788
3292
3262
572
5632
8853
3491
247
898
1295
707
392
6536
4340
1116
750
3380
7316
6187
5831
7413
465
7649
1641
5692
2153
7968
82
3638
2494
5309
3304
6063
1526
8092
7268
2218
5676
5710
4476
4545
6558
8148
8323
6142
4980
2332
2448
7254
3555
2164
361
4571
642
5884
5426
7925
8351
7014
8626
6165
4299
6904
6870
452
2646
2874
1115
574
8790
5895
6569
2324
8473
6042
4821
4184
3524
7601
8134
2471
6311
5257
240
8744
6719
8597
2544
4750
401
5485
788
6394
5370
3193
5809
6371
8355
236
5437
5038
839
1044
1538
1330
5798
3947
5030
4100
4572
1032
1702
4416
4946
7739
1624
5239
7852
7311
1873
668
2634
6544
2665
2423
5193
8532
2791
3336
8082
8062
7055
3366
7283
4016
4886
199
3908
4944
6280
1699
4690
4144
1192
1646
7833
7021
5934
8359
3133
3300
5997
2845
2201
8360
6437
1802
6120
6680
8598
115
6704
933
8573
846
5082
275
6592
6736
4520
1811
2289
1979
2878
643
2163
1198
577
8510
5749
460
8211
6138
1147
885
7492
4460
407
8943
8533
1376
5705
4149
8824
7186
2789
4113
5106
8797
2323
6326
1273
6264
4205
260
4247
7162
4202
6749
3977
677
587
3640
607
3239
5903
8002
8723
3125
3134
2509
2007
479
3625
8570
6284
1516
6770
4414
4943
8611
5410
8639
1683
5675
505
7990
3592
6423
4593
7261
3713
2965
6621
7738
266
2753
1333
7525
604
1250
8730
7544
8262
7686
5679
2957
4949
7901
4262
5864
4061
7895
4730
1792
4164
5797
1662
3790
2300
6092
1937
4030
1478
2497
8440
8779
5631
7474
6565
2537
3800
16
4468
5470
7665
5156
5967
2345
703
2349
6238
5150
1244
8976
2979
3311
7009
5103
3012
4069
5948
720
3435
7902
4417
6684
5960
8628
2195
8085
4224
1520
2368
8434
5882
5925
6342
4555
8992
7126
7794
5638
3479
7390
5218
3776
4894
6698
8780
8143
4935
163
3161
8964
3204
1740
867
3238
1409
3985
2554
5395
4878
2814
7896
3401
4655
351
216
1847
8199
8736
7881
2617
5917
6907
5472
3453
854
8471
2905
7398
5580
3483
1998
7049
6128
4869
3432
7358
5427
5630
4665
6473
57
7643
3901
7923
1231
8558
1614
4495
1450
8098
8141
6848
3085
3679
1556
4063
3377
3328
7727
8407
4327
7207
2463
8495
4457
713
4933
7808
8071
2809
8908
3780
8228
8364
537
8339
8399
758
3675
5921
7633
7784
368
274
8020
6149
4901
6852
2575
2760
2008
1934
3480
8169
5767
3455
4554
1362
259
4032
3293
1476
7510
2911
3873
8012
1632
4781
4002
8479
5399
161
4801
7744
6328
2326
11
5121
4363
7733
4225
7549
980
5698
7281
6506
4333
8845
8490
3184
48
8666
2582
2838
6654
8782
5840
1101
4435
7546
4819
6377
3345
3538
7804
2871
4007
5460
233
7679
2191
8783
8458
775
2717
4370
7797
4741
3282
4062
2009
5099
8745
1716
7452
2737
8374
1705
4163
2402
664
7367
7598
4733
7344
5567
597
4136
7208
1284
2253
8370
549
988
5575
5364
7223
3614
6777
5697
1989
1452
5850
6501
7868
3636
6448
4986
7913
8850
2027
8103
5064
3460
3518
7237
2285
4389
3325
7683
6992
8729
8956
2884
4910
1469
6642
741
8826
2855
3850
1547
1704
6058
78
4624
7608
7793
1219
4957
2976
6968
721
6921
4681
4071
7941
2380
1078
4028
3152
292
3144
7942
4637
3307
6334
3868
2396
6742
7985
2410
3750
3132
1840
68
698
3218
7209
390
3939
4390
629
7154
7343
2067
6994
5367
6901
7182
6200
7581
2245
6262
3734
1343
5860
6965
3834
5298
503
8396
2464
6937
1335
6307
755
7256
1383
7786
3478
8772
383
4525
7225
7197
1651
4126
7393
8212
324
1657
7884
1676
5918
1901
7148
3604
573
4302
8728
8417
1485
1712
4759
5848
1200
5899
3419
3444
3075
396
7503
4455
4539
4031
4045
8217
4902
1784
1120
7380
6312
6995
3809
4575
4498
4372
3733
1867
8771
4662
6714
7245
5348
4131
6607
3065
2679
3859
6884
7384
3838
8888
8140
2585
4011
8416
1194
5396
6960
7563
2155
5771
4303
7167
3379
1080
3666
1238
3417
5569
3825
774
3068
5488
6513
536
4239
978
7723
7969
5926
5191
2399
5231
7091
4328
890
6606
6827
6064
3317
4402
2274
8038
1845
6964
3394
7780
3965
7527
1515
2425
8421
8531
2028
6333
7597
5228
3716
6261
6093
5650
8149
8942
8813
5448
836
5892
990
2899
3243
2051
7090
8588
2347
157
4524
1747
6618
4711
97
1643
1310
4546
5584
3106
6204
5276
8009
1072
4611
8276
3315
5785
3521
8283
6520
4722
139
3974
3259
5600
5028
873
7145
5344
2093
8955
50
4512
3272
2278
5747
148
7956
7716
110
1130
4569
4701
711
63
4471
2993
532
3348
6276
4964
6055
4444
1140
3973
2378
1026
557
1410
2198
1173
241
4998
3214
5901
4583
2983
6862
8418
5006
7641
8987
2766
1630
258
7257
2183
6613
4394
1601
526
8187
4959
8430
920
7714
1489
1178
1534
7991
6402
6358
6903
8365
2456
329
6673
2173
8300
7387
8746
6584
8808
8536
8080
738
1259
8998
743
2435
973
8406
7305
5871
881
5981
52
5258
4879
640
3017
2570
2579
8055
3882
4881
8653
1777
6933
6493
2785
7672
2343
5855
1407
6528
2822
425
4116
3795
347
5618
2668
1971
353
4420
2364
1123
7789
5458
4616
2624
321
1283
1769
7664
1037
3769
1277
1782
8667
6712
6653
8851
8640
6135
4720
769
6895
8922
6184
3817
7634
6696
4467
2073
1666
4257
7958
2157
8419
3692
7993
8676
1872
766
7062
7249
6720
7703
4617
5226
5647
4976
6550
8899
8338
7125
5052
4376
4638
4625
5444
2147
6685
3367
8179
2574
1672
1224
341
8616
6554
7638
4619
4120
1763
2706
1755
2430
1987
1055
5232
5145
751
5392
6220
6221
335
6626
227
2246
6196
6
2438
7964
4486
7007
4075
3569
6310
1686
6576
6422
2826
6640
7921
4405
7887
5818
4349
8311
1109
4798
2459
1363
4683
2026
5468
8961
3560
6325
7782
2387
8751
879
101
6746
7219
4719
4217
6419
7621
5315
7636
3420
7639
7849
5262
6578
4508
7532
7328
7612
6182
5053
2322
2212
6480
5715
8740
1168
3898
1111
4454
6190
2124
8604
6074
2869
8719
6041
4544
8552
4197
6459
35
2079
8802
3076
417
4213
672
7273
357
4590
6033
8200
2035
3884
6158
6256
1169
8251
5272
2101
5286
8316
5585
616
1951
7494
5371
2161
6727
7333
7191
1826
113
99
2914
663
7094
3437
3746
8574
2078
1068
6582
6630
2891
6059
4693
2796
4992
3597
1069
5263
7253
932
5182
6270
2857
2588
1927
4003
8971
7017
1215
1367
8032
6257
1058
6362
2208
3556
1029
4142
6948
3871
2690
6180
8735
1075
4114
4493
3806
6210
5115
8647
7109
7000
1186
5379
1365
3276
1039
8290
6292
2166
1572
7977
5616
8721
5962
6463
1882
2184
2329
3220
2970
1588
5890
5686
1240
8525
79
2168
2887
4074
8717
6225
1093
4874
923
2553
5112
735
3428
8268
2819
3729
2222
5876
344
987
1615
6794
1729
5086
4201
8162
2145
4462
8968
6842
1637
8126
1837
3703
4936
6169
8350
683
2151
5950
2219
1947
5751
8631
5571
5306
8437
2727
8839
309
4285
4004
3059
2885
128
5712
8413
1151
8722
4920
8565
7745
2291
5206
7081
5386
5438
170
5179
4238
7505
8692
6379
621
3231
2615
5605
5242
6723
6010
6603
7152
5168
1390
8576
5602
4918
7650
704
6255
802
7417
3267
4089
2174
3760
2522
1045
2217
8494
3234
7869
3943
4929
6672
810
6154
2840
5514
6614
6194
5095
6455
752
6566
36
2797
1013
3505
3473
8657
4379
4738
4183
2001
1667
8335
2758
6441
860
5777
4829
4795
5401
583
5958
8315
4897
1057
3360
1709
7013
6218
3294
1199
2898
2897
3546
7670
1665
798
7397
5611
6161
1287
8906
6839
689
7652
6859
330
6297
7192
5922
2518
1596
1961
575
1166
2842
5987
7370
8959
349
7718
4774
807
198
5303
2160
3330
1877
2199
8279
6537
1483
8307
2692
6369
4296
7244
2641
7394
2820
4347
8793
6700
5439
8872
4863
4535
902
5107
7987
3117
3053
4579
5466
3756
1359
7195
5442
264
1735
2784
4135
152
1801
8530
2095
7937
3532
3177
3183
4006
7975
8072
6288
1382
1325
5540
8784
6754
2503
5775
2031
6385
3896
4845
1969
6624
4623
1558
6136
8023
3364
4687
6304
6560
5856
2511
1980
5614
1406
8877
2072
8121
7966
7773
7939
7327
5964
6540
5057
1831
6657
8018
5418
7506
5707
1043
4263
7177
8091
5802
4356
7159
8785
4174
1412
3578
872
8304
7854
5991
6391
4541
5670
8592
7259
2952
8193
5664
506
1366
6557
1098
8621
4540
3954
994
2032
4179
4499
6160
6971
441
5464
5337
6514
5754
6611
4103
5096
7001
1616
1243
5377
1753
463
7205
6471
1500
4312
6494
61
4509
7270
8606
5659
5292
1602
851
8482
1071
1318
3503
7847
1911
5835
4087
5434
499
3818
1966
4266
8935
764
6327
6956
2550
1434
749
1185
7415
6922
2353
6623
4033
1246
3781
7915
3400
5681
4580
6585
5663
636
320
3048
160
1183
1850
2650
6959
331
3846
3700
7075
8180
5031
3452
6046
5321
6468
1834
7777
4721
5931
218
1030
1445
6803
3611
8096
3149
5048
5486
5613
7577
8118
1945
1094
3785
3956
1061
1692
6615
8756
6359
3385
7565
7357
6405
8689
3049
7920
5745
1386
6143
4485
1488
6174
7260
111
5800
712
5051
951
7442
2896
7689
6791
6858
8
7753
3727
3390
2449
3261
3836
2498
983
4675
3501
6769
348
25
492
8248
7859
6905
8401
6134
7337
6417
8889
2091
3763
6170
8787
6926
7406
3833
3752
5537
6253
7524
5117
4148
5110
5195
1042
4446
5126
7242
2024
6119
5617
3764
4526
3110
5836
4339
6007
1308
7697
6464
5577
2334
1880
6689
6773
1697
412
4642
1836
1463
4009
2480
175
8948
8834
3903
6500
4470
3584
2591
800
6979
864
8614
1575
6317
8260
8734
8155
8762
8358
2333
3197
726
2948
8704
3
7835
221
818
2080
5546
6476
290
7050
34
7096
8999
5071
1794
1899
897
3957
808
7469
1342
4049
1028
5506
8627
6004
1444
5923
3984
6097
2577
7078
6482
2934
927
1000
6127
4409
5607
4160
1239
6361
3830
7805
3937
8313
3000
5250
8404
8641
4945
5665
4835
3476
8965
5260
5732
3077
3621
174
4772
8420
4779
6335
3976
6148
2411
805
8165
20
489
880
4172
1848
1431
1374
3656
7734
7529
6834
6511
3137
56
523
7144
4051
7855
6195
444
525
7045
3706
4505
8436
6249
8903
6237
8636
2514
7844
3861
1941
690
8150
7818
8577
496
4305
2712
7472
6778
1732
3672
4804
4272
7748
6843
3458
8457
7100
3897
8635
7460
154
4900
3008
4186
1906
1568
2973
8543
7349
1952
8124
7876
2287
822
4653
7276
3961
71
2337
7258
803
4368
3165
1870
51
2398
6768
1589
8120
2221
4358
6387
5953
8559
7275
6524
4589
4765
2672
1356
3907
378
1040
1299
1399
4788
3525
4955
6278
13
2306
3711
5354
484
398
2893
4896
2642
1779
8703
3285
691
2038
1897
2547
6832
3915
289
1364
196
7269
3786
4150
5907
7872
1965
5988
1329
1203
1881
1480
5417
5500
5543
5088
5728
2736
3399
5568
8057
7312
2705
5696
3687
408
5261
8106
419
358
7111
2379
2805
1137
5597
1938
789
3208
4387
7765
1524
6759
3608
4736
6269
337
2946
716
6456
4067
6972
404
8990
3118
2915
3740
7768
3286
8001
3587
3580
4893
3138
4573
2210
5409
443
64
2524
2540
473
4890
1106
8168
6767
8003
1574
3938
434
1546
8542
4743
4014
6290
2635
518
8226
4973
1490
3994
7681
4024
5612
7836
2938
1564
7708
7184
4146
4375
8154
6665
8795
7012
1008
424
7846
5029
997
6867
5165
102
7764
8488
5397
3517
925
3241
462
4988
2297
4254
4656
2989
8852
3875
6490
5784
2802
940
2658
1141
1975
2751
8799
8336
4104
7519
8868
3418
3694
7264
2715
4425
8357
2205
4029
9
7033
4984
7999
1933
2711
8105
4831
4958
4331
2228
6739
8622
4987
1063
8059
8459
8674
4538
8679
8686
8086
8237
628
5477
8324
7943
8294
6899
446
1608
3514
5197
2922
2220
3699
6077
849
5203
6950
2083
3991
3777
8848
3990
53
7228
2824
8878
1023
3904
6467
6051
8044
5532
2600
4856
6110
5737
6231
1827
7246
6104
7605
6669
169
7749
1583
4443
7646
80
2631
3162
5362
648
3427
2637
6343
8037
3889
3886
3568
8920
2978
120
270
5092
6139
7004
595
333
8511
5020
409
288
913
4255
4311
6300
8004
6522
4586
6731
7965
2621
699
3955
8378
6439
7840
393
3863
7101
7120
7501
4820
6070
8296
2889
2178
6604
3436
123
3583
7984
3255
1531
6785
8318
403
5593
6561
7758
6266
389
6193
5768
4760
5223
8632
8700
1635
612
2255
6861
7551
4219
3279
4849
7180
6838
891
423
8203
4581
7819
4484
1384
5574
7373
4338
8087
323
2654
246
1371
2756
5512
382
1974
8887
1758
6324
5527
4880
4010
8623
8705
957
6036
1419
471
7308
6725
8412
8393
6397
7262
6847
3416
1905
4115
3669
6563
2565
6686
2958
343
8566
6274
3557
2730
4646
4035
1234
4806
7216
5920
6075
7911
7042
8427
2409
550
6587
402
5278
2532
7851
7473
284
3397
7626
4117
8342
650
4813
5078
4808
2266
8308
4647
8835
4233
5833
7163
415
5338
1737
861
3805
2974
7006
874
8554
7666
2988
8916
7731
4850
4519
6633
654
5465
8982
3600
5361
230
4614
3507
8816
4041
4904
8594
7166
8720
893
4155
4243
7395
7829
7746
2393
173
4300
7963
5435
6833
2877
742
591
6911
5339
5134
8056
2084
6227
4855
1982
2193
5891
1436
2546
5980
2530
7061
2037
2296
6230
3237
4954
427
3512
5529
8454
4447
2909
4449
760
1889
5688
3680
3198
129
7587
8788
8754
4641
3661
955
7451
5929
7949
8698
4072
142
6332
367
2754
1644
5357
1726
8741
7221
7511
47
2825
5504
3810
1307
1548
2541
6329
1389
8319
5536
4415
8800
2542
2135
8603
1856
3864
1521
486
5932
6076
7618
3404
5408
4983
3550
253
7628
6006
6991
5816
2207
2866
188
687
2670
133
5471
1628
5205
2813
2569
8969
6168
3528
4137
3070
6239
8164
6543
7728
3086
8503
8561
2013
7378
8629
3015
4359
7251
4543
3928
7364
6336
3724
3590
1309
4547
1217
5404
3892
6776
5559
6323
8507
8344
8711
6293
4502
8221
4800
8209
1592
3376
5240
5213
4734
3289
3757
3914
2594
1025
2560
5863
6801
8019
7176
7815
295
6406
3011
566
8774
7386
5680
8053
6021
3159
8043
1214
187
3338
3946
1092
2231
8650
1175
7481
931
4152
4652
2338
2137
5975
7371
2370
4220
5578
5170
1020
6330
4818
3668
2405
7538
6232
5813
5342
2012
2053
5946
5054
493
8309
7640
6953
2881
7760
5875
1891
7447
7959
5729
433
3572
3573
6211
6819
512
3283
1133
675
4278
8115
8483
989
1781
7775
6969
1593
3649
8575
3909
7737
1139
4261
193
7404
7796
6743
5628
7757
7755
8388
2452
1723
558
6970
2117
5102
76
7509
8327
6061
8958
2699
7250
3386
3064
924
369
4085
3016
3603
1886
314
255
3702
1083
8980
3798
456
8280
4542
6505
2040
7299
4398
1145
3612
6492
6295
3645
8527
2663
3066
313
7335
772
4487
811
2264
2358
2196
3288
4168
939
3269
8568
5424
6854
6789
1400
4978
2790
3978
834
2014
4143
2181
4981
5040
7030
8991
2328
6349
7266
8210
8865
1634
5119
3202
3296
2831
8255
8017
7861
7306
8828
1132
2375
1216
3547
8431
4008
1089
4602
7169
7592
2197
5216
7279
7825
363
1679
1774
5293
3203
6107
2034
4482
213
2039
674
2313
5368
8761
83
8675
6981
5098
7848
5385
6367
7589
7212
919
7776
547
1311
2177
542
6957
7802
8733
617
7206
7832
3534
5825
3654
1176
2062
8067
7827
1868
1260
2833
2103
2036
6381
4119
8670
1659
7705
8630
7979
8709
2725
2483
8513
5770
3350
4092
7315
2566
6724
1018
4
3489
8428
1454
4503
8250
2755
8580
4963
8107
8941
4626
1209
1924
91
4288
8866
6880
3371
6516
1967
5441
3266
7962
495
8128
1267
8648
6303
8298
4689
7446
4700
7429
926
2786
6199
4612
7885
3840
8343
5726
3554
4830
3731
1796
4848
971
6699
5516
1968
2286
2284
4985
3690
2762
589
3574
4453
7234
3561
1196
1600
1861
6888
3413
3374
4264
3831
229
8381
7002
6062
3256
8619
4939
3031
5501
3783
6153
8696
3874
7293
8609
7579
8596
8372
3775
370
1812
2653
5549
3236
2097
1990
6593
3445
4209
943
1622
4068
6532
1331
6268
58
963
1694
3759
1912
3893
8220
5335
666
780
4699
7461
2265
7196
5245
4636
2741
8849
911
528
2707
1835
2517
918
7470
8272
3361
2834
5183
4766
855
6151
5037
3464
3423
4654
4491
8031
6248
3549
6966
8040
4065
6116
8326
6340
3502
1618
3179
7660
6998
3312
4199
6365
3924
5965
1065
6202
1114
7356
8061
6404
6373
4195
1599
3244
2392
256
8519
5109
2479
4587
3447
8265
158
2795
2513
8562
5610
4283
2442
6755
3136
4770
2500
7719
7586
1475
4592
4314
5331
5387
5811
6370
2342
843
4982
172
4140
2130
7657
2744
8090
1627
219
2094
2609
3430
1332
5431
1278
1024
137
6542
2907
7517
8809
1907
374
6420
2975
5869
2927
5642
6322
3708
4348
2280
2863
3671
4279
388
5774
8557
4916
6533
3448
4762
948
8138
2856
1816
399
2645
7399
6622
414
3268
2580
1256
6750
7247
6005
6730
4833
4934
4177
7372
3457
4629
4373
7619
2023
6013
1327
5846
3462
6350
2203
6147
8732
8127
8024
3542
7889
6412
8869
5572
5867
5248
6864
2100
1772
1174
3822
2482
6250
3493
1076
2960
5254
3467
956
2731
3119
693
2206
8386
6156
886
6545
3107
8460
202
2460
5382
2385
3824
4669
4961
6472
3176
8167
6141
821
4226
2389
5949
601
2017
7272
4574
2443
7458
6331
8651
4182
7580
3674
1537
3166
2362
551
2533
5721
2704
3251
8801
1289
3969
5756
7407
1804
1426
7766
2373
3508
730
2230
7518
319
6954
5428
8701
1866
7342
5999
1780
8049
8863
2858
6693
5295
3793
1031
2724
29
2686
7043
2348
3181
8224
5189
3058
7352
7627
4567
4317
2114
6286
2992
1288
6071
6028
6399
2252
5224
7416
4529
4773
2882
5004
3274
835
1195
5389
8770
8882
8781
4332
859
5620
996
6403
6947
5171
1229
2904
8817
7938
1894
225
2862
73
3989
5938
1459
134
598
7089
8743
1446
6050
2982
8102
8108
4912
992
3912
667
3997
5874
2788
3067
5467
7684
6883
8931
8249
4475
4643
8015
783
1467
8563
5896
5673
5592
7508
4292
1923
7093
4426
1610
4232
1508
776
5657
6999
7134
8583
1417
609
4167
3302
3252
7720
1458
1820
4021
5429
3356
1019
280
5752
1254
6728
584
8405
615
244
5329
7602
4706
5215
7970
1182
182
7255
8634
7190
5021
1077
1160
2536
2872
167
5296
7554
4218
3278
3828
870
8052
4294
8792
1236
7682
7368
117
4235
8051
4825
2806
5588
305
1204
1268
2803
1675
6486
1793
899
1799
4095
2867
60
8305
8836
1973
6939
5066
717
2346
4048
1004
7443
4381
2133
4259
2505
6368
2947
5776
5894
4871
8285
6988
8608
6609
6429
2150
325
7514
121
6442
5301
6625
2341
6443
5128
2702
1690
7290
2158
5010
4173
1693
8710
1898
1553
327
3439
6512
6575
1113
4246
1012
4433
4421
5188
2418
6800
1958
4566
5730
2176
982
84
6935
5682
7199
7059
8909
4549
5641
3951
3531
3113
8662
3469
540
7945
2415
1734
6612
6525
5803
5693
1936
3815
8929
4688
2261
6176
4298
4277
5483
4393
3185
3629
5595
5706
3151
6676
7531
4445
4267
7
2750
1698
5535
5789
7434
6797
4726
6670
5343
4839
457
466
6517
809
1730
7904
8100
4970
2597
5560
1571
6460
8997
1677
5200
3148
5449
1720
2090
8521
4507
2307
6671
3634
3422
1721
8638
5986
907
7842
8919
7706
7402
3823
5725
1903
7044
4846
8196
8438
3595
8446
6427
5637
900
3388
1360
3658
7607
8977
4497
1914
7016
18
2106
1498
5249
3055
1759
5759
5360
1913
2818
2015
150
4868
8152
2682
4060
7156
5108
166
2237
6503
2408
8346
8177
4234
6339
3329
8153
6835
3112
4559
454
4805
6930
6085
6474
8366
645
4005
5741
6126
2718
6376
5808
8243
3602
1387
590
6871
3738
4565
231
4977
2801
8487
6453
3381
6496
1208
5557
7667
7439
4118
6997
6090
3648
2879
507
4399
4633
5162
5900
6710
2081
815
5552
7903
3349
8555
2696
7874
7526
1859
7732
3442
2667
7530
5888
6023
7658
5933
8857
6032
5217
2949
6961
1953
2200
5502
6279
6067
1510
2087
2830
8117
2256
5208
6627
3847
8234
6734
6530
2625
4698
2723
8697
6495
7323
5201
5073
6337
7222
2061
1545
7694
1762
991
5414
7069
3378
5868
2883
7220
1189
432
4618
3516
6157
4357
2149
8803
7087
7537
3001
1879
6383
763
1603
8938
3684
8823
7817
631
729
656
4176
7704
2649
2473
8518
7590
3020
8008
3084
5299
2275
6925
1970
6016
3811
7542
6639
4361
3443
4776
7905
179
145
904
8760
6918
3714
6535
3913
1555
1563
1049
7620
5221
6008
2050
75
5419
6121
1713
8288
8060
759
6027
3026
6896
3857
5806
565
5243
3246
3545
106
4245
3039
5655
7403
6301
4847
5235
4319
3470
1370
5065
1909
6940
6674
5823
5814
4791
2843
7843
3092
7781
5807
4227
2562
2021
4528
6102
8422
3865
4595
6409
8739
5479
1003
4473
5804
6044
7656
4785
5153
5872
2519
7449
8985
7950
2499
6356
4501
7695
332
3038
8301
999
5019
4927
3265
3029
7841
1595
2662
7392
6030
4093
8104
1350
1910
4729
7296
6436
1946
1177
7263
806
5222
3398
5476
5027
5908
8089
2188
2314
3885
5820
1129
910
8837
7298
2714
875
1728
4898
8451
1112
239
1670
3599
1797
4451
7243
5985
4676
1290
3651
784
4329
1179
794
6774
2773
6118
5668
3226
6384
6114
2397
5246
2677
2437
8829
5520
4253
2447
322
7882
1302
2549
9000
7740
6890
4919
6031
5739
844
8979
7265
2555
8174
2936
1472
7890
5746
8814
2490
895
6659
6477
5944
7696
2951
6060
2701
4342
4861
7769
3774
2227
2746
2475
294
1373
2528
2421
1052
2360
2539
3228
1348
2593
4463
4301
4640
8136
2620
8672
411
7771
7431
3158
2335
405
7037
4241
2817
15
3988
3948
6962
8652
4745
7329
2472
1131
5796
3116
5131
237
7971
8940
3610
5640
2225
7233
2269
5854
2821
2189
5394
8349
1860
7067
2451
1985
4099
8325
4139
6341
5661
8088
5314
4215
2763
701
2457
2943
3332
5116
7365
6178
622
6987
2111
6433
2913
4015
5446
7112
5225
7974
4899
8468
3291
2613
8749
1401
1090
1972
4548
4354
4852
4456
883
4823
5282
562
5413
6632
5633
6188
6942
7241
8924
6909
4746
7132
2132
4725
5140
4437
563
3407
6078
2633
4094
4786
8132
5937
3922
2119
2192
5340
3221
1411
2461
2972
4344
3933
7726
909
3566
105
40
7761
6910
3770
2089
673
467
7919
4865
1448
8347
2129
7213
8707
5478
6426
771
1689
8855
1744
7385
3326
5160
1626
3320
5233
7629
6809
945
1007
386
4022
3153
5954
1091
6499
1118
4428
3575
2770
7700
5252
109
2444
3799
3920
4889
6034
6015
4102
428
4644
2507
5374
665
1226
6977
5017
2202
7468
6228
5349
8185
4990
2477
5880
3384
8485
7585
5146
4412
7027
6914
5877
6009
4076
67
8070
3487
1638
6054
4824
7444
5940
4336
3968
2846
7599
6372
2232
5264
6989
6446
7019
4345
5159
6040
5313
5101
570
2604
3940
86
1016
7886
7068
4851
4615
3527
4708
882
1345
3216
7128
4112
6996
4599
7039
6741
1395
5672
2587
1619
8758
1257
5002
2110
829
1247
8050
8545
6829
3004
3540
304
4044
6982
6497
4513
2823
732
1645
8397
4724
7204
1336
8957
2894
4913
2030
3459
87
2648
8314
6873
2493
4492
30
4436
5169
626
1153
6094
498
1795
7334
2808
4392
2738
1163
1088
3927
5695
2941
5423
3792
5230
6802
7291
4972
4189
5196
4613
6663
5355
168
825
8392
3023
297
6682
4649
1210
8474
7038
1962
1707
3273
7730
2209
8442
5736
5565
4728
970
2595
824
5369
5839
5772
4854
2998
125
7066
5542
1272
3456
5993
5256
4321
3888
2800
3022
8192
4111
1757
7063
8095
1121
737
5530
7072
6014
7210
6790
2861
6735
5812
2916
5350
6224
1887
2810
3577
2526
2917
2441
8786
5859
7346
2250
5050
7362
4764
1605
8881
5185
606
5325
7271
4274
5415
8502
3628
4377
7010
8443
2940
1473
7025
4884
2382
5558
5822
3983
2954
7426
1606
6681
8253
7430
2926
8425
108
4295
1305
2557
6026
4169
3323
5094
7986
7600
2771
1785
8448
2726
754
3899
7566
4686
2374
4403
4082
5084
5080
8202
8161
5727
8006
131
4212
2365
1685
6163
560
8476
4994
1711
1540
3663
1312
7957
8131
2839
6450
6226
1085
7301
4281
285
5893
3981
7482
3128
4397
2120
1828
6171
768
6166
3633
8945
8970
5400
556
7058
552
728
8472
3248
6658
4560
4650
5694
6752
4584
4632
6591
8747
7104
4105
1708
6454
639
7304
5063
3369
4019
8259
2319
7559
7463
1543
4489
5143
548
326
5615
6487
8310
307
4198
5963
6814
7423
8896
7052
6488
8875
8274
1470
8452
8340
3820
4817
4000
4924
5634
490
4350
3564
5455
8861
7325
209
1843
2860
6772
2107
4752
7659
8198
2366
1656
3037
1126
5077
3217
5608
6738
3504
3594
2661
922
5627
2608
397
6246
1992
162
6103
8840
7491
6605
8645
4905
2841
4666
72
7300
6717
7477
4917
476
7187
8445
7795
2772
4989
210
41
2299
5151
985
5326
1613
2616
5594
7623
1375
2394
2127
7654
8330
6837
5604
8170
6697
3195
5959
352
1119
3515
8375
625
3541
7310
554
7057
5166
4165
2783
311
4066
8293
1293
4907
4731
7811
2352
7170
1033
8883
8880
2063
3035
6345
6205
2571
7047
2832
7540
929
2276
3737
1916
2906
2956
3657
7020
298
2215
3589
6053
1988
1981
7692
3730
1136
2752
630
8075
7471
3849
4761
2270
3486
6449
7725
384
3409
8911
6637
912
3925
4504
2521
4735
1681
2371
7635
189
3051
6616
2185
8289
8778
2678
6927
1341
5164
845
5564
429
5979
7411
3812
4450
3264
3705
7086
3096
7567
8486
5851
1849
8821
2224
7578
2759
6065
4838
3025
5453
7632
2244
1984
6985
2046
6470
6140
6504
3832
7647
4154
1062
5982
3027
1265
4758
5142
745
4366
6428
1776
8581
8620
3866
1687
5886
1631
7363
2527
2059
410
5651
2386
817
1506
2925
7556
303
5830
5998
6289
8241
3835
6974
7331
1669
1766
8807
3932
3609
1460
7661
4325
8345
5005
8083
3465
1566
6150
6596
5547
8967
8504
1326
6243
8163
6786
6390
1514
5889
6836
4178
6223
6570
3807
5323
6363
3887
1935
8116
316
4744
2721
8512
4138
458
5541
5551
1451
6552
6192
7788
1206
8593
6551
6701
1652
8858
1337
3803
8322
5716
2695
1162
3767
7520
7046
5211
191
7143
2999
2281
96
8994
4307
7622
5148
8526
3363
5359
4388
2311
1562
7838
853
7743
5251
3253
2234
4660
7826
8176
6048
7230
3357
7729
7972
7226
5847
6906
7083
2592
2794
8147
3408
5289
7035
1099
1818
8409
4159
681
4718
2233
1649
7155
4769
4991
2985
1864
8282
5456
7880
539
6634
3496
832
2029
4423
7573
8691
2485
8805
6908
6792
1223
6066
4018
5660
8665
5795
1301
2331
3559
8478
4052
141
7651
3789
4709
2304
723
5838
8509
2474
5075
5274
1263
1731
7077
7054
7892
2683
8972
3801
6507
1379
5829
8064
6608
5047
6718
4308
6806
5421
5515
7183
8910
1211
7953
1700
5247
3219
5826
5003
2908
1896
7981
89
4223
1786
2538
3979
541
6866
8266
5280
8195
611
7382
7330
1724
7092
4668
3005
6706
6775
5328
3052
4749
4853
7424
7574
5181
1181
8028
1783
208
8356
7324
3073
5690
644
6826
1919
8500
944
3605
4809
7287
3749
4951
2138
5916
1095
6588
5043
228
2605
4938
4842
5553
8129
7933
3157
1865
3980
5844
5219
2651
1232
3313
7032
995
1857
686
4903
7297
5199
359
3494
8190
7181
4248
195
3520
7742
6893
6638
5105
7756
5172
5649
1282
7085
2351
4001
3210
8902
7864
5495
5703
1212
3087
1084
2652
7533
5076
6038
2273
8303
3721
4477
4882
8950
7437
4242
27
1748
2655
5190
5762
7891
1491
3411
3127
4639
224
2578
1438
1286
3260
4777
5824
7211
1559
3018
6891
8643
8925
5358
1976
2709
6129
8798
4282
3567
3695
6580
4658
439
1159
4932
8546
7609
1487
8065
6917
7863
2849
1749
6084
4812
603
6900
4306
8975
1492
4384
4091
2510
4459
8207
1832
6643
3091
12
8913
3104
4753
8275
4086
3146
6722
7653
5972
4843
5790
7453
4605
4043
7669
8579
5132
1890
6410
3593
2923
3277
2302
7691
5155
3109
676
4551
6413
3891
4323
7138
2964
4396
8610
4042
1806
3579
4240
2543
4181
8815
4330
2105
3180
8769
1156
6483
4406
3415
4864
5366
8535
1138
4691
958
894
7097
5391
8441
7496
6056
4815
8395
6744
7495
3664
2708
6805
8480
3322
4192
1703
3902
961
2279
3837
7883
7617
4434
7322
3135
6666
7561
449
8569
1791
4620
8683
4410
7103
3175
6932
3725
662
5990
4597
600
5144
3003
5316
1803
7198
3481
8556
513
7071
2376
7074
487
3616
868
5677
2545
1230
3032
3257
8712
8361
5906
2666
8047
6509
3002
2267
2559
8926
7631
8612
1932
1291
949
1944
5738
2381
3488
5765
7048
4670
6781
6915
3911
372
5266
8074
1493
205
70
8764
7267
4797
1415
2774
5786
4747
8133
2465
6984
7515
281
6577
8244
952
1414
5287
1464
744
545
1394
8724
6931
3474
6216
770
7080
2548
8586
6172
2318
6787
1276
1441
3141
8937
3872
3140
1228
8995
5563
6057
869
837
7878
5430
5971
149
7376
5398
4058
1855
3870
7383
4290
3773
4663
3530
8453
6799
7954
6018
2170
2055
8456
2986
1328
4175
6002
7711
8077
4822
6796
4427
3659
5469
6306
1598
4796
3142
641
3072
599
7926
8005
968
8146
5267
8517
4251
6475
5837
4101
8145
1346
1313
3163
765
7823
7485
6753
4516
3858
8893
2572
4645
7354
4952
2902
3178
7484
3290
8753
5042
8362
8522
7422
5081
2416
2249
1529
8433
6815
4514
3170
7015
7603
5758
5227
5152
6546
7759
1760
7558
6481
4108
8685
5761
5702
1511
3105
98
5334
8819
4836
1978
5049
7232
8515
1939
7610
4771
6764
1122
3918
4870
4967
7790
2122
287
3402
7655
6795
7871
7973
4621
3841
7642
8030
2920
4931
3034
1554
7575
2489
77
6690
5799
3155
379
1701
6073
6807
2056
6780
5510
3677
5347
4081
5779
6840
6559
655
4892
7713
1306
4448
3359
8946
3506
7165
5652
6572
2075
2260
7982
2780
5591
3425
6321
1844
3975
733
1425
1456
4362
5968
3676
7906
8497
719
6392
3996
5087
2262
1155
930
4550
876
8726
4742
8547
578
3624
7321
5008
2991
8297
8063
8110
6635
4190
6235
3172
7277
6656
7332
4380
1742
22
7724
7136
2623
5319
3717
3667
5792
8904
3103
6821
1097
8039
4816
6302
8572
2272
4123
5853
4315
627
435
596
2793
5791
7084
8895
421
8885
5550
4780
7060
3160
8944
46
2003
6668
1767
2901
3190
7476
6631
5684
6641
2502
7341
3389
7555
4532
3543
7414
7534
5114
4674
4585
7026
248
1225
4673
5561
437
6407
3959
2020
5783
6758
5405
4422
7751
207
7932
1499
1874
5473
1351
856
7051
1237
3747
5713
4631
3797
8204
1813
2242
3019
7107
1918
1739
5586
8137
8520
8649
8328
6636
440
1060
6098
5648
3753
4778
1221
2729
1304
4036
8465
2602
527
2223
3126
4141
790
2096
5373
8173
534
6308
8469
4351
1105
1915
8755
2599
1829
308
915
1355
5996
6191
1761
6879
4692
8130
1
7465
1064
3688
7690
5026
2851
2586
1324
3454
45
2427
8891
2508
2060
4096
2340
2697
3842
3405
1904
8079
7360
24
8794
530
251
5079
4309
6144
6109
3652
223
380
4948
7625
5279
3929
6089
5074
4876
2139
5511
3596
3829
8714
3174
3919
2468
291
1347
3673
8914
1741
8564
4474
2598
8986
747
5381
74
6675
3090
6702
5013
7282
8447
1809
4523
8841
8333
2900
7113
4244
8886
8238
8678
2735
461
6869
1352
7935
7630
5380
8245
2980
2698
4568
7175
1754
4228
8962
282
657
6444
1315
8230
3971
917
6502
888
3878
508
1144
6314
5480
7366
2496
2391
6515
7888
8822
7284
993
5496
1552
7770
6934
6305
3189
362
3191
5755
1878
339
8119
2064
453
2049
5912
4789
3736
8099
450
827
8240
2108
7420
7907
7455
5322
7425
8660
2614
8484
8123
2935
8978
4360
7099
8432
3548
4942
1842
4661
618
4598
8605
3284
2967
3200
2798
1396
1695
6100
1839
1207
1773
1525
3044
1124
7595
7410
6185
8750
66
1323
5499
7917
360
4026
2659
1522
8742
6756
8818
4130
7576
3207
8277
3635
5097
6660
4908
6485
1149
5984
8380
6729
725
761
2512
2417
7856
8426
4713
5045
6610
7747
5977
3263
4268
8208
4200
448
391
8949
2745
3169
3102
126
5969
4787
6489
4999
2827
5576
7218
278
610
5284
4828
5942
7475
6124
214
8860
6398
6088
1920
8027
8384
3373
4249
8112
1036
3782
3681
1408
1706
3080
4906
1718
977
7606
4013
6198
1821
8076
3626
2515
2
6101
2148
7173
6024
5403
6850
1338
5590
201
7763
2077
3033
8247
3936
3784
7502
312
8411
7123
8825
2439
6664
8646
5794
7150
5861
947
232
3099
8549
6938
1051
3905
2627
7286
1539
5388
3352
4740
3168
5902
2236
1569
1604
1930
7615
3337
7912
4775
8633
2516
8135
1580
1180
4887
5265
7767
381
5175
2118
4346
7980
2850
1585
1819
801
581
8214
579
2478
1294
4950
2739
146
3235
8097
688
6186
1102
6208
8367
1800
7824
941
5352
4756
938
1527
8864
5742
7834
3739
315
8144
2689
6251
3963
4962
8348
8402
5503
2309
8398
7839
7809
1654
6828
1715
267
4216
1607
1079
7487
7278
8921
7908
2903
2432
7898
3270
7436
1668
5372
634
5056
3021
7131
8862
140
4187
7070
8928
2688
6083
273
1823
2928
5023
5878
1468
3368
2006
1255
4320
8219
8363
3972
1070
5819
6346
2573
7488
1824
950
3941
4911
6597
3601
455
7161
1504
5118
4057
8874
7715
6721
6434
5085
8768
8617
1648
6683
4704
3942
4077
7792
6825
3697
5060
1172
2152
4522
6855
1134
5125
6876
7172
6628
7785
7239
4506
7752
4799
5333
5039
6941
8156
442
2854
2142
2484
3732
3879
972
6414
338
2071
501
748
1262
2687
5626
6824
7022
6401
7955
3986
1001
5015
2216
5244
7893
3867
7857
1087
5909
3802
6694
375
4974
3490
6555
124
6894
3921
5992
3098
3287
5376
4324
2880
7995
5253
1096
4557
4020
7837
7076
4479
5753
1611
2703
3372
739
1385
8068
8553
959
942
6344
2125
3844
7553
269
6320
6152
1190
826
828
8278
6526
1034
5817
1765
7130
3429
6975
4170
6159
445
8329
7539
190
4837
6973
3331
5821
3950
