2448
315
2856
1049
2643
2354
2774
2399
495
1294
1487
2397
316
1671
2418
2698
1578
367
2859
2226
502
122
2020
2530
1766
1041
109
454
1628
2129
2333
2728
1882
2680
2328
135
1658
619
2741
2681
797
2523
1856
2415
2506
2202
1631
2469
2386
653
2926
1610
1710
2702
517
2103
33
1646
794
427
2413
279
2478
645
2476
2235
2872
1694
1100
2373
2791
2148
1419
688
53
2619
881
1569
302
1816
2668
182
2398
1156
2759
1659
1792
300
2411
800
481
467
342
1190
2090
1740
1355
777
2307
2388
545
1502
1177
1922
1079
2162
249
359
2987
1537
1833
576
2751
561
2121
2462
1868
649
1598
829
1278
2786
233
2622
1454
2802
337
1010
2433
2761
754
2119
1544
18
1781
1824
89
1153
1998
2518
1052
419
1844
2353
2174
1954
2813
23
1415
2370
1843
2742
1292
816
515
1203
19
528
763
260
899
2976
1692
2726
1255
1198
569
2992
224
1172
2067
2883
2293
103
1742
952
2871
1169
514
2814
1669
845
1327
1590
2001
2808
2171
503
662
129
1546
2651
637
2503
2260
719
2496
1838
910
2547
2855
946
1260
2445
1855
2586
2164
1504
66
1369
2938
2708
2083
2023
1558
622
2355
1565
729
733
141
2592
355
2421
1279
1527
1457
1411
1639
1237
1774
1936
1081
634
2842
1059
2748
2954
114
559
17
2026
2250
2962
1514
2079
2061
439
377
70
1320
234
1563
2216
2654
270
1937
2999
1126
2086
522
1886
474
631
56
1323
2845
2612
2188
2137
552
186
862
1211
30
108
2153
2123
381
2018
2446
2289
2770
436
738
2575
2477
1274
2641
2041
2585
593
2295
1326
1383
2901
2422
393
2678
1478
1398
1314
2867
72
942
739
823
2729
740
2917
1224
41
632
539
1921
1056
951
1601
2131
1212
2032
1751
1665
2660
2963
1975
2363
1356
151
728
1718
1027
1623
689
2692
416
412
1864
2646
2435
2525
1725
446
2691
346
49
174
2810
1264
2350
228
624
223
2152
1042
2332
1594
2311
2089
2607
1437
1117
2953
2847
1025
1155
1940
1779
322
1941
2161
1410
1267
2357
1271
2755
1207
2809
2704
2177
1949
1503
799
2189
809
537
2052
2902
791
2082
1118
1288
150
2055
1790
736
105
256
983
100
1612
2093
1831
2889
1755
588
2142
2562
1859
1933
505
837
757
1764
2833
1376
2640
701
2465
1685
1442
2076
2364
2012
2642
75
817
46
2983
558
2072
2596
673
805
1776
2573
1629
1252
267
2818
652
2126
2616
2106
2599
1885
1994
1084
2567
1788
1633
1773
1810
1033
301
1830
59
1877
1497
2434
850
34
1141
1948
2946
295
1329
524
2985
2111
2292
167
541
2480
473
25
2109
1772
324
239
2584
417
603
2416
2178
1022
1513
1324
340
1486
2231
1585
1445
694
1440
2719
2075
2894
1552
1293
2395
2351
2472
2304
262
1931
686
1016
1871
3000
1161
1175
1748
2535
2425
2356
894
1789
578
2937
2461
1968
1985
1528
841
411
76
2514
2546
314
1857
1770
2394
2437
2278
984
1365
1863
1695
1216
1609
2787
1064
2016
657
1057
985
2652
2816
421
1231
2286
1734
826
1980
1421
1233
586
891
39
1321
2958
2715
1760
1170
333
15
663
2334
2239
405
294
904
2886
272
2475
1919
261
1028
1229
380
920
2424
185
2133
2552
253
1092
2685
354
497
2815
504
1046
556
1075
1632
2463
1910
2684
644
651
944
501
2508
1850
2060
1106
1138
1147
1427
384
999
2213
1243
1210
390
1137
2313
2653
2919
966
2359
1604
1834
2527
99
907
82
2036
1666
2360
2997
1077
370
1283
1342
442
2520
1750
2113
1206
2892
24
1700
1174
1749
843
201
769
1683
1414
1489
1836
2718
1227
415
2269
1381
2473
2040
1660
362
138
2187
2013
2727
1205
2207
1235
2182
1642
2645
1551
2545
2986
1780
1966
605
950
2697
323
429
2098
876
1132
1992
590
1715
1869
2923
1465
1711
2793
2933
2280
2649
849
796
2136
1238
723
118
1185
1473
1254
1428
26
1160
1219
2753
758
1382
930
2025
91
2417
2978
2294
236
827
1111
1407
460
2840
350
1723
1089
2301
1406
73
8
1262
2141
2950
1171
1300
1650
660
1405
482
1127
1334
136
420
232
329
544
2695
2107
1173
1095
926
2358
976
2408
2459
335
2875
1523
42
2600
1542
2890
1453
2868
2245
2631
1395
306
259
772
148
330
990
2244
14
274
2257
935
1960
2714
2224
1217
1434
2533
737
1605
581
147
2667
1281
725
404
1820
2731
1707
2638
1065
1316
965
2068
2906
217
2348
536
636
978
1333
2935
1972
2057
2143
938
1599
947
1506
307
1978
2022
1276
2723
2903
283
707
74
2031
2513
856
2626
477
229
1397
1142
553
1193
438
161
2969
1447
1222
1199
864
2381
1309
2122
190
2440
1310
363
2487
2383
418
1913
1851
2949
2428
312
2775
341
1928
574
1564
604
392
607
1091
838
2406
2965
1223
1325
2498
13
125
1726
77
2790
2345
1479
1180
2393
51
2689
2961
2108
96
1112
2540
685
2621
1796
2673
2199
1037
1162
2583
885
2912
2099
1166
589
242
527
1561
696
1043
2752
2839
2384
2218
1571
2739
2990
2419
2982
1821
128
1196
2192
1494
1250
2800
43
1034
500
2209
93
1069
960
434
243
2880
449
767
203
2772
1930
2747
591
2495
1946
2844
1023
1577
2048
2015
2866
874
858
1608
1187
240
939
1083
52
1151
1163
1554
2491
343
734
2725
2749
703
2214
2325
832
964
523
437
1062
1848
2037
387
1518
562
2877
2795
2193
2315
113
871
1950
2441
1616
2170
1332
2830
1417
969
1096
873
2834
610
1582
2181
453
2056
2094
170
1900
2743
2713
178
2027
1670
1591
2688
1525
1888
2915
2080
1615
1484
357
2996
2095
2587
2930
2905
1307
1690
1318
911
2669
2897
352
2474
664
2007
1662
687
844
1004
1158
221
534
989
1587
568
857
1769
941
2944
4
2497
549
2639
1358
943
1965
1969
2017
165
2078
706
470
90
2073
2511
2799
898
254
275
2744
557
2125
1722
1920
463
1691
2925
210
2263
851
1712
2694
890
205
669
716
1543
519
1303
375
1813
1861
1246
2870
975
546
1393
238
1218
1657
1914
1732
555
227
781
2248
1511
376
2030
625
2499
1674
214
1782
991
1247
2843
121
2212
2539
2614
2776
1630
2509
643
1687
98
2763
2208
646
2389
1164
2797
1214
1621
1681
1846
955
2185
2011
2582
2984
1468
1719
1574
332
1011
457
1063
246
2664
168
485
255
1934
2921
2203
2581
1336
2050
1988
821
29
1302
1018
1808
2442
2822
123
2825
1456
57
2687
2783
2576
6
598
1667
2888
883
2918
2936
509
1970
1538
613
1191
1932
724
2454
1636
2167
1971
1339
79
798
206
1215
1703
1085
675
2281
1026
2745
2766
184
2456
1923
1299
691
1784
2233
450
1005
2891
677
480
2952
2087
702
433
1020
2021
1557
1892
2196
2127
155
2536
592
2464
2993
1259
2338
1134
2004
1093
1576
2262
1184
2884
1067
2832
563
40
444
956
2927
1248
1349
465
1379
1220
1814
538
1902
1517
218
1818
1786
2400
2524
596
1702
2486
2096
1560
626
2931
265
2861
1643
2457
1181
1756
1480
1942
1287
2317
759
543
2331
1717
2183
134
2663
1463
2443
1801
642
1895
2736
564
931
2647
389
2258
2059
2934
1889
153
2824
2620
2629
599
1672
1472
2144
2570
2633
1759
2329
187
658
2928
2630
2899
2801
2566
2305
1435
842
963
325
1794
1244
627
583
1013
905
2794
2920
2006
2773
1416
2658
1530
2854
58
5
861
786
945
1304
172
373
1035
2186
2526
1955
1967
1540
2485
1240
440
81
2548
1257
1451
447
296
2683
1741
2490
2402
2532
2047
1449
2948
2758
226
252
127
2703
2190
1688
1133
1308
1350
953
111
993
695
1549
318
1071
2804
1673
1152
2676
1728
551
2436
2788
468
2270
16
2014
2699
193
1991
506
1580
2366
2101
542
918
1768
621
202
507
2635
531
1817
1539
1426
620
1058
269
1743
2283
2084
2789
244
1448
297
540
2494
2410
868
180
1912
1778
1879
2588
2117
2300
743
292
872
2829
949
2627
95
1626
2991
1482
1377
2857
2346
2092
2005
488
458
776
2198
1189
455
1858
2569
2105
1439
1090
2812
2064
2228
2553
2606
1167
692
491
2347
1693
396
513
1413
2114
2738
2110
1747
1918
1120
1050
487
1338
248
131
2029
1739
1039
2531
1436
1060
1131
321
2618
176
1645
2502
2911
2853
2427
710
247
2054
1306
2247
2893
2070
2091
2655
1874
573
648
1777
1481
1495
179
2382
2675
747
674
996
2232
1529
2971
2062
1328
1387
1032
1837
879
430
334
2097
1827
2453
353
2504
807
2271
2352
640
1581
130
84
770
2236
532
1335
814
1675
1284
402
1388
27
2551
1682
1352
104
102
289
756
1583
1729
1767
597
2298
1651
1822
922
925
714
1515
815
398
277
2039
1040
169
1249
2299
2648
1696
1961
250
2335
1653
288
71
2316
310
472
308
200
1007
595
1783
2035
1412
1401
934
2662
1597
793
1317
1531
1737
1135
1995
2200
1706
62
2957
2784
2128
2318
383
1617
50
183
1625
2554
382
2975
2195
2146
2693
1904
2241
1765
1140
1374
1213
790
219
2238
676
680
577
67
1957
299
2138
654
2973
493
533
1006
348
1380
2500
830
471
191
682
1927
2471
1345
1947
1713
2290
1145
1785
2430
1959
2908
1154
1516
2803
2155
1066
1535
1470
1461
1021
107
2407
1455
973
2577
2988
1584
811
235
2574
207
1663
1425
771
486
623
1493
1476
1550
633
1253
160
1997
908
1545
2221
765
774
1099
2836
1072
351
10
1221
2709
2204
1845
1832
1898
2550
1423
106
1925
1422
2217
1204
927
1340
124
251
717
2252
1735
2756
345
554
1101
580
407
1312
347
2666
1301
1611
83
1938
1699
2705
1178
699
2009
443
2898
1644
698
1263
957
1372
1433
1346
803
476
713
435
1113
344
1289
755
570
683
189
954
1926
2042
2782
1973
746
2230
741
761
1908
171
638
602
2256
2253
133
1375
802
804
2302
1186
1704
2945
792
2274
2450
1102
1556
406
1714
451
2470
2916
1804
1964
2308
1408
1974
1614
1799
1826
1290
917
1894
1532
606
2267
601
142
115
1123
1984
1536
327
2179
2994
211
222
548
237
1341
432
140
2735
2730
1474
1727
1228
2970
1620
2206
1047
1201
1906
2851
2151
149
715
1744
2578
1446
1009
1600
2591
2593
2132
2277
110
163
1891
916
1753
1045
921
2837
2367
518
28
529
1108
639
2145
278
2679
2349
146
1073
768
2932
181
1884
684
1109
2602
730
1716
2046
2564
1483
859
870
1568
2863
194
779
1359
2215
1012
1389
550
735
2482
2597
1295
1097
424
2455
35
981
2981
1807
1182
1917
1829
1586
276
2826
2644
2266
2058
2361
986
988
1592
828
1996
822
700
617
900
1114
1999
2163
998
1952
2038
2522
1567
1368
36
1068
1488
2634
1094
68
1082
1124
365
2561
2372
2049
2909
1566
2579
499
2429
1183
866
784
788
1800
2989
630
1771
2184
1443
1452
2321
831
520
2632
2100
1812
2563
1679
1200
1638
712
2124
2798
575
320
2088
2324
1265
154
2376
1149
1763
1647
2721
721
1664
401
2255
1192
1993
1976
1002
360
1815
1030
47
2265
425
1226
266
1150
1956
2378
1873
909
1547
2605
1613
1270
718
2879
1524
1499
1128
2967
1251
530
914
2180
565
1366
2404
281
1897
395
2557
579
2330
2484
2149
2369
2240
2865
2336
1635
2777
1541
2746
1362
469
635
156
1404
647
1522
1793
1373
1144
1548
1806
1802
55
85
92
1951
1787
2519
1867
2711
869
213
374
1624
2201
994
2665
2223
287
1887
2319
2157
11
1146
1953
863
2222
1678
2521
1572
1761
2972
1839
840
2922
2580
496
2392
2835
2670
1526
2690
144
2623
2604
1641
650
484
1588
2671
2817
1661
2617
264
1364
775
1841
2365
1103
1573
31
2964
2273
372
962
693
2008
483
2980
853
1197
2211
1074
2624
2955
615
2130
2043
1371
12
78
1819
1125
2785
1811
2342
847
1825
2112
1019
2968
2589
679
215
1122
2343
889
1202
2259
1298
584
2010
1441
195
1795
1296
32
1403
1521
2860
878
750
2377
722
45
303
428
1977
2194
64
2275
968
2065
865
1603
2609
1963
2071
1261
336
366
762
2896
2296
833
2732
1
2674
886
37
2929
2439
1852
466
1648
1745
2717
2613
2288
2019
2947
1762
749
1322
1001
860
309
2768
2900
967
65
547
727
2765
709
752
7
2873
1086
508
1619
2515
958
2291
2874
846
2682
2165
1136
2507
2528
2326
2210
426
2220
2391
919
1143
2734
1003
1562
1351
2510
2806
1498
1343
2272
1872
1347
877
1029
1431
386
2481
1668
751
478
1305
2951
2760
915
1945
452
2733
456
2254
880
795
1391
1958
2468
2701
1054
2544
1697
560
2603
1070
280
1507
1602
875
2841
764
349
887
2696
2811
2379
1130
197
936
1275
1637
667
1055
929
2154
1823
2501
535
2740
338
995
2556
1087
818
2341
1209
1078
1890
1282
284
2516
1432
2385
2243
2661
2764
1634
2268
1230
2120
198
2769
2467
697
319
394
948
2284
629
785
356
608
2881
1986
86
2625
1385
2488
1924
2913
1462
2063
1014
1738
2858
655
2869
2852
2677
2942
1520
1258
2135
177
1559
2750
778
2159
760
2426
2559
157
2219
2438
1698
1330
2656
812
2074
1939
932
2077
2322
2261
808
461
2849
313
1492
291
2615
2447
2940
521
2512
1000
1708
1989
1450
1107
2251
1157
2403
972
2380
2197
2420
2712
2568
490
659
139
1024
2053
61
1758
2309
670
726
162
720
2637
2778
87
2166
2139
2737
902
1509
587
1724
2303
378
1119
2878
2657
1195
1505
241
145
2720
884
263
600
2819
2910
2543
1286
773
1188
705
2966
225
1649
2306
199
1849
448
1982
782
1315
2160
2081
1232
2344
69
1589
2172
1080
1553
2483
126
1394
2636
2598
2460
1606
2848
1386
2340
2710
525
2000
567
101
1686
2310
1241
2444
2085
1911
414
1234
1194
668
399
1467
1798
1420
2282
311
273
1354
1677
2264
1595
2002
2205
2276
1256
611
813
806
2339
2044
1579
997
1051
1607
1622
2895
979
290
882
1491
2828
895
1475
137
1791
2158
94
403
2405
475
1533
1269
1176
230
164
2558
585
293
326
970
258
2887
2285
1272
896
1870
1990
1464
1396
2
1754
2555
2396
2979
2452
787
2572
97
119
1881
672
1496
1242
582
2414
216
1409
1353
379
801
1285
1088
1266
2542
2374
2045
1835
1854
1840
977
2939
298
143
2156
1008
22
731
824
54
742
987
766
2956
678
1017
423
1367
2590
641
1907
2707
441
2024
2659
928
2375
489
1048
2977
1909
1168
512
1916
1655
867
992
371
1015
2390
2033
1866
1105
1746
88
1555
1399
317
2686
2831
2779
2537
681
1853
1344
2650
1847
2792
1689
897
1165
1490
2611
175
2368
1378
2724
445
1348
901
388
271
2051
1280
1179
2820
1896
2571
112
2176
1842
2279
282
1684
464
1469
2297
1618
285
2242
304
616
1236
1313
671
2959
2423
410
1485
208
1245
2066
1752
1477
912
1510
1987
1053
2517
2104
2864
1981
618
20
2907
2034
1139
2941
665
1239
704
1038
2672
2904
753
1291
1901
1508
1701
526
2821
2757
783
159
1654
1676
1402
152
2700
1363
117
2118
413
2914
431
628
2722
209
1225
1370
2489
1876
1730
711
1129
1899
614
231
1915
2237
836
666
1460
690
855
748
498
959
408
1390
368
974
1640
3
1121
2401
2249
1862
2227
566
2102
2850
2409
2327
1962
1471
1757
1400
1501
971
2716
933
492
2225
2565
369
1110
2479
745
1331
2337
2387
2173
2246
120
1459
516
1104
2754
2116
2767
1360
892
1512
511
1570
2823
2960
2003
1500
48
1361
422
1705
982
2493
158
116
2412
1680
459
173
2796
1797
1775
212
2432
192
1903
339
839
1357
268
400
913
1575
63
2628
364
810
1337
479
2169
21
2134
732
2234
1865
852
80
656
2781
2846
2882
1880
1803
1828
2538
1652
462
2312
2549
1893
1458
2229
937
1438
257
2827
305
1721
196
1731
245
2601
2805
1273
2885
409
848
1809
571
2974
1656
1061
2168
893
1268
2287
132
44
1076
1943
1627
2028
1277
594
1935
2838
903
361
2924
2998
906
1424
38
940
1596
391
2150
286
328
1805
2314
2451
2069
1860
1534
2371
2595
1883
612
744
1098
1031
358
1736
1733
2995
1519
1115
2560
819
2191
2534
1929
1944
609
825
2115
2492
888
331
1979
2594
2610
835
2706
385
1466
2449
2780
1311
204
820
1392
661
2529
510
2466
2541
2431
1036
166
1429
494
188
2458
2362
2762
2175
1116
1983
9
220
2140
961
2320
1905
2323
2147
1593
397
2771
2862
1159
1319
2608
2505
2943
1384
1208
2876
1430
854
1720
1709
789
780
1297
572
1878
60
1418
708
834
2807
980
1044
1148
1444
1875
924
923
