0.896312070962187 0.958278161919805 0.411620557034211 
0.746819946797015 0.577871260967977 0.637732934503692 
0.532730563326148 0.385000816259999 0.173245315055011 
0.549574462487164 0.136342305287878 0.101004581945485 
0.698832755302467 0.522359786332752 0.575267947546797 
0.238581219333495 0.495212442006549 0.98191061056308 
0.617572380051749 0.193168957807668 0.0852867877507986 
0.701158399088848 0.706214155865002 0.983909470953005 
0.87525928154367 0.123026964777627 0.497897525549819 
0.0692950520055811 0.191009498290256 0.0310880849282667 
0.551679559774548 0.277090144938366 0.954841162988376 
0.24742395488891 0.314605288819692 0.866121693917607 
0.421206332007985 0.382024444817577 0.885333885851006 
0.842933004183198 0.694798733896948 0.0587644451571463 
0.872076825179195 0.280501783956076 0.203059871775592 
0.461016107099604 0.341212547077431 0.499395097838433 
0.926832670777493 0.514896365122356 0.640825402290013 
0.0579847945170406 0.271152275740706 0.456039709251392 
0.192335886038996 0.195153671873339 0.252064006054804 
0.427711086081206 0.871560665253345 0.45484429619035 
0.139835408953873 0.463435511320567 0.193991317969743 
0.142157230126745 0.997894902712617 0.859252160349513 
0.146163418957108 0.451408800413557 0.207754497513061 
0.70914625362919 0.81737488732551 0.113187997188972 
0.0965767247120741 0.774639375868551 0.49837022391072 
0.0265223425936524 0.829081573909652 0.425712371908926 
0.780849599177413 0.414243174444066 0.781814417700197 
0.998502427711386 0.142462381228089 0.676113133167901 
0.390262682638253 0.493694765257507 0.00593786919766006 
0.498801453736984 0.0550880688499138 0.119451616946352 
0.614057687862803 0.993495245926778 0.510463779564232 
0.430489589660656 0.703097595229325 0.231363222576381 
0.864773127187403 0.729919595052451 0.282606881243459 
0.343807711426079 0.314852688142496 0.889803746663874 
0.291640600325372 0.217686417148303 0.697521477796846 
0.527637405101041 0.961408069804967 0.496512899872154 
0.957669485340672 0.165813543445344 0.366072097963687 
0.826351634145878 0.646861486903793 0.457317490809279 
0.673029878490153 0.141332981242488 0.320973130092478 
0.517878184801842 0.751894547488491 0.50420013745511 
0.853314291151853 0.647361965220124 0.396320731563643 
0.0883028805667082 0.095088565766387 0.823879641398731 
0.602724217624741 0.666087135051418 0.0715417806392264 
0.267007001334339 0.161749215406249 0.0991619788572015 
0.143105490665466 0.437041887751334 0.0993904863015704 
0.892010671036323 0.706861827386013 0.924775964079786 
0.978591655371055 0.862625277537212 0.53228669545254 
0.509424969325506 0.541131968396312 0.88927452540457 
0.753379518982665 0.787706053716925 0.346633759022985 
0.0531462887549523 0.757459711170504 0.561764613986837 
0.910390092483903 0.346894942385561 0.978025047563959 
0.77840674378835 0.490493420274227 0.667490722922371 
0.493483015100231 0.203337719758664 0.122597851381916 
0.873641836398114 0.9249131874763 0.295320934753549 
0.424971119232928 0.690662484006333 0.00406432803909496 
0.266910119106486 0.683246143480412 0.209819599152459 
0.357927004507709 0.78101920745383 0.434471153856475 
0.396197166012692 0.539286529430787 0.889269269951279 
0.971913442002569 0.343889321826347 0.106229996823813 
0.507046206159073 0.334923361584043 0.307382512049462 
0.477245882375746 0.549577928869789 0.908627423880914 
0.509777166652389 0.356616908850436 0.814854273020688 
0.121136931293242 0.364698746877117 0.946548467477108 
0.431899763379199 0.398527655936092 0.503524107627349 
0.802178112697871 0.10494981897294 0.937712090060912 
0.236965760698992 0.0844538500925777 0.850469484389978 
0.885210197365475 0.48646939987618 0.104459910236513 
0.136814159870527 0.695219284247243 0.976440503716674 
0.127293460130363 0.514192926471211 0.807608412954774 
0.0887557776126805 0.806493301785781 0.14660409844788 
0.561260726098558 0.986436808941158 0.868414358174621 
0.815215339332454 0.396395954022368 0.375335258606512 
0.386693510872635 0.915193952580539 0.334045575155898 
0.189210055018407 0.145773187813243 0.318547396603295 
0.263271131675351 0.92602724112851 0.382491551517738 
0.930947046229126 0.594019053314821 0.434336710457847 
0.951557179890367 0.734947681303577 0.259435471733769 
0.255760512433835 0.621836008793598 0.848453961707863 
0.202922601812949 0.340431722505219 0.854358644622545 
0.93218692016424 0.382483706522027 0.842423982379224 
0.00724586006591369 0.0323811536805616 0.558205445091336 
0.799944369029228 0.870639037280641 0.412090846994934 
0.635109749452728 0.986962773365417 0.708553864950572 
0.5623768314544 0.850272249826357 0.169259897512039 
0.51642390923408 0.696000142347068 0.340696212062936 
0.785912513633218 0.873543028195176 0.769192043118734 
0.593948952198936 0.196346413901237 0.92017387315639 
0.373271702496927 0.137198597722314 0.0715456204822034 
0.887168626714111 0.305500213664724 0.36460080014756 
0.0199603964667583 0.612292737519505 0.0559642315171492 
0.520976613983967 0.454506590708395 0.532710246058512 
0.491621592776674 0.181964194952494 0.113392034132682 
0.760341951511959 0.463326762646123 0.0553882038478685 
0.970400704522804 0.295837296776398 0.607056279949404 
0.725782845507275 0.389180348435966 0.884675431477221 
0.09017557422173 0.739336603199754 0.92583586644653 
0.507757749644927 0.417010088179731 0.466888694310043 
0.0851666015038111 0.338237967965304 0.18613729262079 
0.922250109222834 0.633974157568987 0.895182555958248 
0.486659824609132 0.912775742315117 0.565138823615917 
0.0474900468473742 0.615149352985969 0.374670035845912 
0.652589633433423 0.0414002174704337 0.395765659117962 
0.636549651453527 0.0248023164574068 0.514035947394574 
0.227304177930255 0.0255705621212584 0.410216265549053 
0.713803839270865 0.623548247676132 0.900509117124839 
0.313117593206986 0.647488856989652 0.748018249286347 
0.186870189004983 0.796993052492381 0.566163610464969 
0.438764933701029 0.512202646821832 0.195282649339774 
0.589075537207106 0.435810012480156 0.116268622743091 
0.346572953437722 0.56937148355384 0.547990037383507 
0.218209478174434 0.273682126902827 0.550551020331006 
0.490249380231951 0.92291065767543 0.680687943790428 
0.232386244103492 0.0731932120738519 0.347780130965533 
0.488909772359258 0.453625922768203 0.714534286742347 
0.411799919051956 0.280453571714672 0.391439526058472 
0.0566724287609907 0.371362762232946 0.714689720289172 
0.285628175495951 0.609132516015848 0.986485300579334 
0.147164306671901 0.29978963560415 0.115782689822737 
0.998975213150948 0.608725113146345 0.102946706164138 
0.179387386506138 0.0635140962263169 0.605590204990278 
0.279497036374871 0.289976698015806 0.455430832903567 
0.966045910011067 0.00909469975582077 0.751888435218431 
0.859665245218047 0.223554459038914 0.700637590000703 
0.219821173334411 0.0807313491034933 0.5742956449158 
0.400238118320814 0.697960416645725 0.343367129724178 
0.851629323722622 0.0269650146490731 0.23174907510716 
0.803843123281301 0.532403108446115 0.0644472502472099 
0.401578902453919 0.0609447779417712 0.960238967537991 
0.561504736804173 0.071045171502533 0.973892491298678 
0.43476833050827 0.491274167081003 0.314185544529085 
0.57774123762629 0.0529988575973543 0.00967911584753502 
0.742189925975255 0.209412735984387 0.163649224752397 
0.25910345383878 0.445754009040889 0.271358871958851 
0.639551090840041 0.197007183542944 0.147808303194031 
0.0140521302884687 0.0658070021615396 0.528401166912355 
0.412189655663534 0.746926188351086 0.601829218958425 
0.772415560098559 0.147345889428326 0.581760098497272 
0.871197631056978 0.375544263224837 0.531110987780202 
0.541142954743068 0.877918133920952 0.229031920074034 
0.495191865365576 0.404541173206894 0.938049528253288 
0.777995943919754 0.424896914709777 0.732280291957911 
0.386452045471618 0.64207993570812 0.027732491506139 
0.564616529068265 0.65804819234556 0.488547680661337 
0.179717904971781 0.592525869883842 0.581211005608184 
0.960390203148308 0.16429203244126 0.335395924903171 
0.916638947053179 0.387526772165451 0.995137775780232 
0.431837800625636 0.149315081140639 0.324118983151447 
0.372063272340253 0.662352770409711 0.343928277652677 
0.732425446031813 0.706543606569312 0.677454594372518 
0.478568128067333 0.201046971232187 0.331494602063435 
0.934617304678362 0.763911588473204 0.0412128358339951 
0.333309343705563 0.861555146920288 0.772110268833167 
0.41552801123612 0.627600084816851 0.423727066453419 
0.500668675406216 0.847573126595269 0.0888779960055267 
0.113281538297088 0.592697655126777 0.554820019544484 
0.000549092889087784 0.91080742790867 0.211252230783576 
0.195715062877031 0.62450400768989 0.490391361755501 
0.233894144293803 0.0633540647399398 0.255226092066255 
0.613930545101841 0.405932671579501 0.762544144300066 
0.388352014305234 0.654026599439805 0.935536329138808 
0.350277897133621 0.086048401000932 0.457001221113373 
0.157053078597902 0.245100600293419 0.828614281410637 
0.539998169774189 0.627080859442745 0.302736885520973 
0.563285656070004 0.501110935817059 0.7599266873486 
0.571410709326812 0.93116912521942 0.30174195454537 
0.23524098714592 0.258781734043165 0.0696551152829337 
0.789108258108193 0.731876353142725 0.795736178660642 
0.466202363588941 0.282853065190303 0.576542963542297 
0.841103240307934 0.70072316038456 0.700557523733265 
0.78598674376774 0.719378798603722 0.455622475340787 
0.00956612453310104 0.0271759969308861 0.973573485377046 
0.488190737314611 0.150390778272595 0.761524725594336 
0.631876774892154 0.956228459699186 0.347597054833359 
0.726205738133847 0.460550923114899 0.283726568465925 
0.908515345262604 0.632429406807027 0.123393071872831 
0.730464674406901 0.66248343496699 0.13218493952052 
0.953484137520885 0.378689557955921 0.147150937536336 
0.692889029017132 0.599243756197041 0.922150246297079 
0.139800150478166 0.88407553354468 0.803195335810629 
0.880458257571076 0.315949838289968 0.544377439908859 
0.128056757677373 0.754011426006449 0.907702060839023 
0.847114410180186 0.553719531536903 0.473934938886173 
0.786353201971554 0.0832199720122013 0.780778346946825 
0.540217228951034 0.603364212253766 0.302553274343979 
0.722058060449575 0.0629025199743465 0.271325430027826 
0.512009610194717 0.557687018326338 0.650423658383276 
0.453149891669466 0.110638565901033 0.0382397254175692 
0.568372584212745 0.832502606246854 0.340689240647801 
0.308471537804451 0.316677095515969 0.427932240733845 
0.0514232390799668 0.348390586836445 0.266315244727915 
0.958329389783707 0.751418517321077 0.640278621409218 
0.8032196149245 0.598148980456474 0.70653949710845 
0.376024507626903 0.0614009350824174 0.0787098752701235 
0.649458132986658 0.944111472435348 0.579263462954789 
0.351406592573694 0.413266908569851 0.775325345702155 
0.844597663192357 0.970830968567557 0.536341236222694 
0.650824816269253 0.627790540283448 0.326388515218342 
0.152771677427353 0.42730836590161 0.205311272388935 
0.50613771449129 0.559684173464628 0.921508819759595 
0.567012820191222 0.538642872375735 0.237042436020934 
0.0460026981523273 0.734929962891587 0.734829385175756 
0.514463102218911 0.581887839167327 0.851945694932689 
0.662274652934761 0.918838445525076 0.464753539517873 
0.564785932919377 0.135985102567815 0.49628608324392 
0.571713783113153 0.803691758682808 0.166527093465685 
0.45897626246278 0.216965991639051 0.419235697677003 
0.565363894945646 0.463873874612094 0.345846126948412 
0.891591004511151 0.400598422810714 0.720600046552997 
0.939926729509573 0.805557712356354 0.324110151419467 
0.434967349020283 0.29708190043321 0.0384648069918457 
0.785030677348855 0.809011687435681 0.522758062706682 
0.841667439249189 0.603455434834331 0.20918150954376 
0.844434077779033 0.836943490354784 0.831379069402525 
0.923379650769466 0.182323010257596 0.0519925230424816 
0.0715876967048215 0.0860388833498763 0.491805437715634 
0.830102431974421 0.581057894314201 0.623616607218802 
0.0387841789232493 0.0471614520285099 0.342718181825577 
0.502273122082592 0.00164892524557604 0.0747689977636416 
0.891196309072523 0.154411693641176 0.334331540080873 
0.0142293386227588 0.574536372709338 0.776330126810973 
0.527835543513221 0.227307303914478 0.621756545091866 
0.426288732526027 0.779755255570521 0.326973415132134 
0.973528020537239 0.730046343863963 0.200236323848477 
0.957345583921925 0.614542184683747 0.380022501284267 
0.587856628274478 0.641984244176179 0.281550864354498 
0.29385360390593 0.820003307806329 0.314559539460838 
0.228794608837364 0.109824297535151 0.224499818042153 
0.700493544200665 0.396183170097034 0.2499204484047 
0.695746625166268 0.282757555266264 0.807362762190105 
0.44798906494304 0.950471130176667 0.449043741193155 
0.874849969462887 0.830204739156274 0.262407117645446 
0.0550489425915521 0.395544107256245 0.955015706343118 
0.430235977950616 0.645298964178795 0.306283627779355 
0.1648320225835 0.856574411437183 0.851011550450237 
0.423380283370325 0.0814385950013244 0.432619267344763 
0.96269568054131 0.914416493808113 0.359664681069397 
0.793218133409143 0.597342705166593 0.334408385834847 
0.0197720006200355 0.785434729785395 0.464712075174186 
0.551830308768819 0.827341999312556 0.831124133817444 
0.371836096687166 0.730542107359759 0.496997700304258 
0.519610652942029 0.525538955594198 0.779575213687297 
0.751192582655322 0.0824956144590376 0.784337445527472 
0.117615383638821 0.532807685682926 0.246440136919934 
0.32653515801138 0.863617625955314 0.174704343627535 
0.00827591168148253 0.063962586253864 0.253249886097969 
0.373488267591916 0.27711326083034 0.31474457509571 
0.817301181059937 0.733050944624958 0.36834106145815 
0.447698081120708 0.654770931533897 0.353128425010074 
0.114635355358308 0.855077968842852 0.0447700093708793 
0.797695042471259 0.503218633822733 0.568202107943689 
0.123891572525674 0.0583998812634497 0.914756856819036 
0.809285927475098 0.64522136964147 0.331035455842985 
0.0714363367629407 0.672187700715003 0.998942980542287 
0.648281821817291 0.845080296902489 0.381608808125187 
0.113224544149462 0.466682975397763 0.733725079211278 
0.159704042207312 0.0114960889385529 0.721472143531531 
0.211462189076218 0.178342041176903 0.550228738482217 
0.516379558721734 0.554534915627229 0.997491162734801 
0.128656638846107 0.0719125718213211 0.870768024060302 
0.426446788677222 0.636557227297014 0.227417645616186 
0.739567436156593 0.319920341167562 0.0295890518601933 
0.678238028976246 0.202643585485706 0.805217744691864 
0.259947486808499 0.198989984206385 0.418741216612394 
0.922214430254984 0.302051930828975 0.604925560115336 
0.315801594553423 0.169019359242646 0.887970647722469 
0.986732253332963 0.334473536971246 0.188087956136133 
0.619403345798796 0.954931313150996 0.843581879904299 
0.323297865839348 0.586232853395042 0.32487659264583 
0.0179733694614719 0.60751201380394 0.50386496563622 
0.917265694084235 0.68062928862899 0.573308797820149 
0.460267431782683 0.644989548085718 0.0356304734179892 
0.771525334926101 0.908714385660698 0.525159955734927 
0.352019756264994 0.434986515173217 0.264039389912057 
0.928507334519414 0.899756555398813 0.812506104732168 
0.302730926919138 0.289247758821234 0.876290110347928 
0.94530317836688 0.200577964168311 0.385515556384584 
0.109520515012332 0.141924385513144 0.737439034850075 
0.682680067924168 0.807043442878427 0.681625914146018 
0.383835765711887 0.416269570317245 0.73368748777252 
0.704712459214363 0.660264659514774 0.595131571681766 
0.301352779055644 0.342681792724264 0.518360695577395 
0.845432418792244 0.461946998472301 0.657062382743257 
0.569295086697347 0.544276259627322 0.260304973581948 
0.362810691987542 0.63471249706797 0.899487021798029 
0.924048566224076 0.690896011279382 0.0551747577521832 
0.031075775172131 0.0205669389202106 0.296985094573808 
0.448586482297902 0.0726701910945914 0.406934049635629 
0.118349409251637 0.807745179071904 0.538704903115847 
0.835869762970074 0.777587363858515 0.837946105207292 
0.354004559271971 0.387689569214214 0.492444815343453 
0.791472467962407 0.64730729705063 0.774721855658443 
0.668907818230292 0.62715455546377 0.557074762674549 
0.294145409154773 0.457298508126893 0.827300760348933 
0.21922772760467 0.376008091669533 0.656301704540989 
0.125210582802636 0.74670982302479 0.507211888445174 
0.837952013052046 0.758631501700092 0.116147431599045 
0.626451156393835 0.352759990539756 0.395702631397034 
0.436702393198713 0.256125976916461 0.587594468420183 
0.188197522046136 0.183003369804008 0.53493661365236 
0.979655792461548 0.00956265582217027 0.684359634613786 
0.819116277535966 0.215290527425376 0.156586690413107 
0.767860158238495 0.571338224025135 0.987405200017339 
0.124765166139586 0.255140747993784 0.0637414558156121 
0.498099995077634 0.736930366017358 0.563268430793317 
0.469684334224874 0.229358754693232 0.696662099425058 
0.75063234509464 0.993138826449001 0.0610353560471141 
0.0314930146706724 0.997917749918028 0.0189558621584232 
0.721798673608247 0.727553402878136 0.0349295786744587 
0.0967421839464187 0.354770074763694 0.391181320134169 
0.18712738723826 0.480710296184155 0.444151185659762 
0.022138149022189 0.314489616693226 0.447735852304723 
0.142941125735147 0.400111450068705 0.160717564244157 
0.499715014127882 0.357350424564141 0.175371598999655 
0.519806688427835 0.71318684691246 0.503490753706307 
0.0524059757834328 0.128351161316201 0.615829624522398 
0.832434200603717 0.967018058973839 0.0267672222232293 
0.890932368995125 0.437565176951496 0.189864543355007 
0.473901257605246 0.948162777790876 0.0116449059041426 
0.665403772455363 0.0973176039277192 0.48773712454724 
0.121657111738649 0.671117974292076 0.216568149261441 
0.59622387988317 0.937637778901326 0.774430451809629 
0.61959027015585 0.475961846055445 0.422440749324132 
0.115532578488594 0.326743208489727 0.829247304624527 
0.5359445351809 0.250917330966758 0.63578840188486 
0.885663757047459 0.511686326242837 0.284730903005568 
0.515465108452116 0.669392697824814 0.599202241561935 
0.419099954152061 0.264307983342702 0.387752015789855 
0.36441409791094 0.296195018243135 0.0431451192326588 
0.254286642304755 0.548236891416943 0.36632683890235 
0.43609094640058 0.477537353279785 0.302793846140985 
0.672980439696918 0.378057902389233 0.686232450272065 
0.958803449738214 0.923582808544665 0.775549068011134 
0.729060301896678 0.432815705627583 0.652389315260756 
0.193388875198266 0.716901622115123 0.640274850484112 
0.197519917598702 0.354987833814224 0.186647845984738 
0.554076141470147 0.588237500557787 0.436476451548038 
0.726914002898575 0.149938664003247 0.427924906102905 
0.888534882985304 0.702557157586588 0.406809990949375 
0.828816133471586 0.23180978197223 0.641442760658191 
0.73128533257697 0.365303627851095 0.927724954638502 
0.0561139104217821 0.679441632088014 0.849205855209942 
0.526453458483542 0.862964095483983 0.872859428577525 
0.949555951612795 0.926860307309246 0.588103517698172 
0.509181834994434 0.786404806555437 0.236576992197231 
0.94681292630118 0.225711078953795 0.547406361227579 
0.747477165305743 0.166894180312238 0.941207184428911 
0.856497273247921 0.700210500834608 0.959999390859157 
0.929850387354312 0.709176943502006 0.327598689276538 
0.87486894003808 0.784445556711613 0.675500744802645 
0.27942245932269 0.129987316266628 0.691773026572435 
0.134106307352943 0.997774969319708 0.0675120777764879 
0.724664360622253 0.137274964776484 0.0374599900271092 
0.79106899527417 0.67106645911516 0.492023738330241 
0.313788417407213 0.604520189857353 0.661377193248541 
0.848372933849866 0.217732167904141 0.363533857447809 
0.191347913905675 0.941721956684125 0.476846078632793 
0.859403629721796 0.0813389681658423 0.0649156016599925 
0.70023557622928 0.87478805932905 0.665093127016487 
0.967725563779345 0.12626352306747 0.970264688586008 
0.521607165933404 0.651584518445462 0.07851853877237 
0.19735868377488 0.670133492290105 0.796872991042618 
0.896330491125738 0.375075527641492 0.788629837235729 
0.169064914420743 0.222148565678926 0.0884361141773109 
0.509946371200469 0.956408170031574 0.495827721197078 
0.44918344609867 0.542708855840708 0.0956903109772551 
0.298622197610616 0.0814774535044457 0.491444775597865 
0.964064831828729 0.683521026132405 0.842723600027488 
0.198654666169851 0.420018829600894 0.0486483481007853 
0.626857424912442 0.433870731123663 0.122986909990658 
0.402418950760001 0.756938796842908 0.0110114417090134 
0.067195301441101 0.269461829340766 0.0194819406696977 
0.413505199557871 0.116429733632333 0.934386697567248 
0.864504202205923 0.952042442724128 0.842656640262649 
0.57490402021208 0.0222829994849316 0.719573391005198 
0.388409964455483 0.349457258521326 0.124930798134269 
0.569087880462915 0.25105213013061 0.332079203488342 
0.569402816039232 0.66910336616873 0.0447860695630247 
0.478819912988143 0.557542334104675 0.968063492313057 
0.235794938744882 0.998704017605029 0.25011466268921 
0.748224642941833 0.269473066213295 0.941204796517829 
0.665642927245071 0.766645963660742 0.465209768836019 
0.0774246724682975 0.442751069759368 0.686946340690808 
0.47634578052738 0.0356782465407989 0.426279122208375 
0.161303613410007 0.434117995404693 0.129435010780317 
0.648788135335216 0.389160811616648 0.661238026647474 
0.12315020902229 0.810244701714369 0.0705615710795678 
0.923717549966517 0.0577695444495275 0.182818600993053 
0.790907706502316 0.833016134720769 0.0878354306741783 
0.966225372145989 0.588375388452958 0.711919495236091 
0.0514184483566407 0.17771026081299 0.117725716027303 
0.684272034878038 0.11627955926409 0.682569376510833 
0.90145184374482 0.90926109296701 0.255637035824189 
0.25436362216918 0.310985291987185 0.906706188761958 
0.437984457443461 0.0927420999355345 0.215373883589811 
0.905800081279967 0.408099202629225 0.234985370764036 
0.915351058782708 0.830031777652927 0.168381522488027 
0.306825465665583 0.112644729722591 0.18845931589066 
0.179553091609642 0.824507092975316 0.211703521763768 
0.758386195524775 0.874735220742754 0.933629828939973 
0.37737433816184 0.111199300322309 0.85437568130641 
0.975026845454717 0.424927332170739 0.857967985727809 
0.308553406181072 0.477031578531969 0.317838436140604 
0.446865634269484 0.747336291590397 0.479899718649639 
0.405600990823284 0.868786586853111 0.499259409727184 
0.16385538231761 0.485733092523056 0.965027444513993 
0.967444717403243 0.885107625222349 0.424916932091544 
0.852850059910142 0.0508743133632812 0.758343610800031 
0.543537972748064 0.744592982691057 0.0650655310903981 
0.929266400136643 0.504718943268396 0.291772466288774 
0.470865854747065 0.143065648220044 0.0345258722242554 
0.322007206884216 0.876989284007339 0.199785991664876 
0.0523305074555476 0.462957611988745 0.667814767764795 
0.357405897862001 0.597246675098895 0.931067624097256 
0.917146934623433 0.468485424513223 0.0826954860625302 
0.688481803838388 0.901224474842299 0.243858142869481 
0.689199906163476 0.0156977092920326 0.33877400045226 
0.246676077249775 0.790941478121533 0.989627595520405 
0.508712896848429 0.524524278251698 0.0603249869590276 
0.096032070506379 0.431488872706652 0.680334349479682 
0.792902454637411 0.379287006044428 0.972312635263574 
0.02606596985183 0.975999779522419 0.604270643370352 
0.445373846425383 0.0835937839390681 0.991797302845771 
0.299473418062308 0.111524874862062 0.0227754805343111 
0.297212676749198 0.610038819541241 0.287860950123454 
0.493849307994288 0.935703125286709 0.582388888850058 
0.675648124737501 0.855056168909677 0.843368507848759 
0.821207388220917 0.240066493973167 0.489021233976363 
0.952998465836513 0.224189777497291 0.352124170098512 
0.0448982767038505 0.813294310035787 0.352465005755641 
0.139461004705849 0.956298436949169 0.0314687392820924 
0.987480418285113 0.56450344322459 0.217959669054467 
0.958754988833682 0.891080964771603 0.492485644990804 
0.478424842692178 0.243107957413005 0.817630690903231 
0.25206084002371 0.389726488101169 0.90417283442997 
0.315998519917949 0.949463400500577 0.180902658580291 
0.701766645396951 0.0148635888541413 0.588821152964989 
0.47793609810897 0.420383945768878 0.576432703796976 
0.836965841630923 0.971695066416494 0.139220512071261 
0.483291401287211 0.073067504015317 0.751810002025128 
0.25214647327184 0.400475569721533 0.270299473903281 
0.63933229709013 0.160012413356459 0.155226437912894 
0.991306741252219 0.309732258464085 0.0455353763166514 
0.0699012810689869 0.535094319160606 0.0446221605151064 
0.0899032438592535 0.197223282045323 0.611948211496672 
0.0257378169455276 0.569146548197207 0.850340005871998 
0.584848399546392 0.636999945918564 0.274726376996714 
0.17122151151822 0.3431316313069 0.798430721181645 
0.763643852790652 0.661524906596879 0.535914491180291 
0.455036035485117 0.15051457665419 0.592808376808096 
0.0787391569832057 0.475463587546471 0.818013460756286 
0.740675642965676 0.226278369420338 0.842632387691472 
0.54733121699995 0.61272854293358 0.22971407474471 
0.748946396517077 0.324691778665731 0.639731142036492 
0.13536728226364 0.631865364327964 0.479769269693535 
0.544198992449883 0.388032854249716 0.223160663723555 
0.964484492300304 0.811228024685396 0.402548518219287 
0.288880506199263 0.898443001740818 0.436067558096753 
0.477083625028415 0.0809249617536203 0.0573439384146332 
0.471868752721636 0.875688444299478 0.49848750675958 
0.619311946732603 0.536270705767102 0.159217681809896 
0.452726999508555 0.991162124085781 0.0596307316141346 
0.226608699758821 0.349227600893577 0.970944912624985 
0.7693158238052 0.478406599945578 0.956418005263628 
0.620625931127288 0.835902003029316 0.312308167252833 
0.634995234960222 0.0358542292545802 0.711266266978935 
0.31866145148811 0.219444860340769 0.273492052347163 
0.312753827456736 0.490551543184813 0.339286551968794 
0.190259858588809 0.789858650783942 0.577020585805653 
0.381945902659533 0.263592017937262 0.145353407666717 
0.785288449276839 0.0754624642783135 0.737040098634101 
0.73122656798513 0.129634449784474 0.788421072898629 
0.480513460226596 0.682640282755084 0.640703240242183 
0.420138538079401 0.317590292691062 0.0388052533561388 
0.252215751098569 0.195168668495104 0.332821424739818 
0.446130512955659 0.668254575071975 0.0625409987115026 
0.12375939084392 0.842088390068192 0.0450707324990401 
0.346077671435698 0.153207301233526 0.656243583958709 
0.224995454412417 0.306558119275867 0.045719162582289 
0.819931129841102 0.262467140919746 0.201303473301839 
0.482610145808482 0.844662797099288 0.0856355829563158 
0.825591504958268 0.984027374528361 0.402944135667265 
0.219377906629526 0.889399363142159 0.706267553244842 
0.523887094354204 0.154481774733626 0.353213946499496 
0.0705630267367526 0.898522913408709 0.901854567649707 
0.234686798991024 0.0605380763581666 0.295382874689709 
0.00646512722897582 0.74412934563315 0.121604075711967 
0.51447958709415 0.258186511815612 0.421503627869069 
0.100282675167677 0.439210777841141 0.922255163044788 
0.0807965146753921 0.506231113572713 0.823076330508607 
0.74270191031634 0.660582330385494 0.420173141835338 
0.439399766940344 0.937528392270919 0.472927495591774 
0.953169670399823 0.426624246140301 0.211141293966743 
0.929877289072553 0.226752606326133 0.778855211929816 
0.356273445466661 0.599872296489716 0.687606615334566 
0.691856785999544 0.275514644698945 0.254684387824817 
0.754389016309003 0.990308655421393 0.2460200429177 
0.75033628789258 0.813466002612126 0.518337795286597 
0.0796993975898714 0.968130558714331 0.586476285283676 
0.664131955087246 0.725308829790591 0.54481659668722 
0.480688972622477 0.138581391954134 0.383168249569446 
0.883191222736235 0.781185184037865 0.493899444348132 
0.933040804664158 0.631163259796409 0.96099452113779 
0.428927072057932 0.281517128591201 0.633913830217865 
0.084241580722966 0.0765878381564225 0.517376739307016 
0.342748863782151 0.15820614162749 0.658314215325897 
0.733897012534503 0.408425889168133 0.163696133142196 
0.667570775219971 0.326407498366389 0.515922458151319 
0.577056287590906 0.992365622423759 0.847116327773368 
0.901835346548741 0.359700369350473 0.969397833556588 
0.886451210308099 0.289037715312577 0.701315416349711 
0.666324697279522 0.449188316450076 0.0881712143719994 
0.39568696236037 0.473082222730425 0.818687112451851 
0.193707170986434 0.758815981335387 0.644351384902537 
0.293689866687027 0.325461944251071 0.708791526830192 
0.612106212699835 0.666094707169614 0.736878164455704 
0.000961055979580179 0.73695053380772 0.809924417086842 
0.928162069957779 0.930234942552743 0.316882940622458 
0.381120463545025 0.813118197402506 0.812173893587745 
0.867245791418127 0.306134935145329 0.788819561614105 
0.646783116574764 0.0312054581154163 0.271462890445936 
0.991596687581202 0.542475861749833 0.992479413278624 
0.932598413868155 0.417916883443444 0.627399521706346 
0.429205524935017 0.947061901421781 0.685123918897064 
0.839627102874046 0.540189841548069 0.649609907832746 
0.519344748239659 0.373880908532944 0.000945554115318486 
0.807130931321127 0.964950074891071 0.326270915254145 
0.110238163317665 0.900874290569161 0.622749835542752 
0.159473416469746 0.95828914035032 0.358802772759834 
0.384432475727253 0.285204233734498 0.63607011904757 
0.275997320784255 0.528441170942244 0.166947287585096 
0.0298675508377457 0.54692405441167 0.72761052321997 
0.372888494456601 0.302093179105824 0.782986082501237 
0.716312113551568 0.679507798831681 0.248177823726171 
0.109478642749357 0.571755531044563 0.78988863238594 
0.124800498189777 0.0885349670837331 0.390045101004674 
0.667273032789711 0.861775715305365 0.439237288869562 
0.811228339472426 0.0601148600969998 0.341184860254258 
0.46254864635996 0.536544953257099 0.130331167546255 
0.648713054903184 0.832123271111456 0.584186721399513 
0.63367664051879 0.548165938140902 0.132712649708946 
0.991329402658776 0.153208204150763 0.418620730479537 
0.518176631311968 0.8097595520363 0.993265787136399 
0.921999384612776 0.146456253783058 0.0717877294271196 
0.217959471614081 0.0908188177695586 0.28544227605939 
0.0780930915279747 0.000759520568307266 0.329118759524598 
0.832861203156813 0.0346729182799686 0.869754173266587 
0.96875767175516 0.717159442937542 0.423428518429132 
0.196832830178008 0.464768981311828 0.468326310845244 
0.825762427330838 0.567318904477786 0.010379101154571 
0.597279355673715 0.724175439553417 0.469969907994368 
0.198799361101724 0.0826354730327779 0.131341860690779 
0.115465174017225 0.118149240090581 0.418547326893801 
0.371267901906403 0.606623866877809 0.278775415047433 
0.396779313868275 0.745273648176935 0.715319461522307 
0.367449559442443 0.593268867858345 0.969296042327441 
0.0557425841948681 0.384455554831985 0.535785432688792 
0.801212408021657 0.815851851746371 0.797450352831488 
0.714432548132926 0.66491896876363 0.83100649520336 
0.709284131279813 0.794496572480768 0.688439222838934 
0.950294419634293 0.692414203981131 0.242440647558514 
0.982886685981828 0.324720028939061 0.422280814229641 
0.601817821432752 0.0191601105123573 0.00818334473678067 
0.154100415368611 0.96262791751075 0.882610280477726 
0.910571432630798 0.46159330125041 0.42804905140216 
0.590978758219154 0.571978357886885 0.971885794760606 
0.708109056906825 0.829383270735565 0.871500113453483 
0.499030268517803 0.77001984313597 0.182863349645801 
0.474593668465779 0.796066947652058 0.908323587807046 
0.67251955516288 0.484366812968797 0.417716504269148 
0.300335365487419 0.406181042737412 0.323652667609813 
0.730108104054866 0.42097348227211 0.914209662896679 
0.0363347674889186 0.413892627886446 0.420553619237874 
0.293038647292665 0.765631738009691 0.574108757345988 
0.961112697590661 0.901642168826257 0.421827637321235 
0.653175152211066 0.890640975390859 0.354258550495961 
0.369401301429328 0.123453789913773 0.0929406108767449 
0.859120700442754 0.00117507437298776 0.965113301745203 
0.816939109385451 0.45126415111649 0.922394360845161 
0.0595772979127137 0.508293017516049 0.528653081287003 
0.513957226422595 0.929298266269871 0.53479329754356 
0.590466840467633 0.853765049881192 0.556446874773338 
0.558957612867913 0.180463328575931 0.0406198189783002 
0.513839388505481 0.554643990730235 0.158085730000439 
0.551332175522732 0.41507040961416 0.0637515327258741 
0.297391356107495 0.537917570927142 0.868377674309713 
0.761035712324565 0.821418516254713 0.905425972261199 
0.554065037311085 0.303118253733552 0.360913023055025 
0.324775893392403 0.441214665044665 0.405005968364424 
0.35853936586461 0.913168994669415 0.969709331155619 
0.991815302051518 0.976757469576205 0.905599610370397 
0.891900537950872 0.77908142087007 0.83633347173982 
0.039315459802428 0.370645857123028 0.0478771189450645 
0.865380762547898 0.0942175393431529 0.710177646814928 
0.313638731517661 0.855561912923847 0.568809799183537 
0.934854880876306 0.307788524920022 0.586104664758828 
0.901361769019329 0.519547753277955 0.913346580189348 
0.0540166865354482 0.298541585588149 0.686874501261336 
0.623227109025804 0.95989218911151 0.626180012536319 
0.173880274488535 0.265690947075231 0.412550384836528 
0.151440906408914 0.200418247003303 0.267294333906516 
0.070910487822681 0.522024086453963 0.577886521154031 
0.252486119630042 0.65943163757186 0.63598898874409 
0.227418060986054 0.258075896305067 0.167271713804114 
0.820500555364648 0.895654949776668 0.72720097691156 
0.195248325446271 0.240426305793424 0.447556340809705 
0.792103223871488 0.389921012516097 0.133426140124642 
0.818901303605596 0.457177596845281 0.39362124139146 
0.0563627509662708 0.93779861551607 0.678215883988056 
0.218725109109061 0.268673428925068 0.81918923175856 
0.210153459203501 0.865435185313893 0.104954910047797 
0.635326734108537 0.713939856138984 0.89379929233985 
0.442883312908413 0.24272824369498 0.333537826469884 
0.990923278029507 0.682368761246264 0.648356887348162 
0.950115676014738 0.673943708033275 0.261471856972888 
0.746074866385234 0.2335161311708 0.402886635811481 
0.959673524349776 0.427978783579533 0.719465883318086 
0.178623671726614 0.381777050617047 0.875769934559134 
0.279124244711885 0.332539602803318 0.743240650158022 
0.873673092515056 0.0145477368564102 0.584225470937893 
0.899670637165974 0.0337610105209802 0.390758208646792 
0.81679975698553 0.0172646017825532 0.392640710991174 
0.0623168037563175 0.185173821256111 0.181715093637684 
0.83340168457171 0.752365012537858 0.997698062098444 
0.114018514339821 0.801179945841981 0.707552251269832 
0.48506925277648 0.868785627590858 0.783233888812006 
0.132149384418572 0.310287884581037 0.70428248434527 
0.275329248176575 0.259051584759285 0.840694645345535 
0.0997233484404736 0.0315297874768869 0.483658134696846 
0.229184975488663 0.356202489396652 0.381400253335666 
0.150558642181828 0.569210220393357 0.22818050683857 
0.749312355531991 0.0912526408635325 0.648607750725284 
0.25759867870137 0.133315919029208 0.656679106250722 
0.868831145981714 0.683758062628916 0.0483423099146887 
0.221171542173797 0.126271839778066 0.675613771041675 
0.721767821219642 0.0646051573867934 0.580597104775066 
0.168217683289301 0.794054991935405 0.463753975212459 
0.960006761346015 0.741523708096484 0.704259852275373 
0.879942986592624 0.624341388989399 0.774709425761695 
0.550063563301258 0.717076408545057 0.985734814305666 
0.908982576294328 0.833131828267654 0.82897133185946 
0.800314840302018 0.682843042389882 0.183154792144501 
0.769517555259875 0.36470615880783 0.709927304978449 
0.0589445005445483 0.22747057407511 0.73546970856165 
0.126554782561285 0.263318238436858 0.62652982195212 
0.655940174430581 0.0541577060027782 0.13277974498122 
0.165080874303859 0.377955527220832 0.966924630090094 
0.90306102992178 0.0609672921993617 0.562147497461246 
0.917646278123207 0.190551880835812 0.827686512296873 
0.523920654563196 0.869369368939367 0.466911251874134 
0.873898324963589 0.707535115400113 0.416239510484151 
0.670944291945055 0.959848569687385 0.850626234361262 
0.219370978055229 0.420856701871779 0.443428797388183 
0.492458978897174 0.952250265959767 0.699898998578963 
0.870669799796618 0.109273182744753 0.566584417860296 
0.728284266650809 0.833451978784731 0.478205469659625 
0.077730030323253 0.224002812162043 0.570183682986621 
0.641929680780475 0.384982688997398 0.339120881324225 
0.0188101842155727 0.00592154637254847 0.772164536068293 
0.266823834398214 0.882668562178811 0.49229116155407 
0.355468279847628 0.245596900696679 0.495336789868463 
0.243016053104315 0.185046175580959 0.519935458674997 
0.319230198077499 0.45561049061623 0.303469668749473 
0.775903587590858 0.436569196375352 0.633301004130999 
0.689350947593037 0.672621895406685 0.425705261261065 
0.26702563151113 0.0323912301251624 0.951694109454609 
0.99556307960095 0.189362011472397 0.357099902051082 
0.349481042637248 0.446190624239943 0.645366556777324 
0.896727568887513 0.231968644183114 0.322552426402714 
0.0771186291599267 0.652134107729483 0.953927023314837 
0.0784616982929696 0.952547143657015 0.538188139692968 
0.951137635834113 0.136990699049547 0.706653365263088 
0.2045622087105 0.627653746692303 0.924227007163794 
0.046648959185299 0.40905406857331 0.377841488168501 
0.174735800910152 0.301826442732395 0.787433615786691 
0.936882678855622 0.952578733187438 0.712360793590714 
0.913415620063159 0.751784552704443 0.973530316247386 
0.820470426613684 0.271260754797263 0.693306550706414 
0.135191259502988 0.00598723721037956 0.799406276456735 
0.849970233091139 0.346288484216802 0.953077531397844 
0.197383032272283 0.242111568917572 0.803476382886747 
0.349542645434636 0.697441889297889 0.484022052718337 
0.0951128644380313 0.738213311758923 0.535631196357138 
0.719051895997977 0.0624634228006301 0.40473748343286 
0.0274671022908143 0.948914120415651 0.780307942899087 
0.979258413882581 0.174745241727096 0.144364181507548 
0.857932940990633 0.959844890031891 0.279389910995676 
0.610191632812001 0.163703009096767 0.90034955502504 
0.980396707067451 0.257991271679286 0.681286388859752 
0.844881588986554 0.815946376331126 0.131003461839167 
0.907247088806353 0.354591975619361 0.2813652624755 
0.97114947576595 0.849265926913016 0.166942499655738 
0.574365105281754 0.825193155475516 0.604384553434506 
0.303411563068354 0.84176981441759 0.214365421428515 
0.176729597233576 0.194363724065183 0.689321129903812 
0.568792832814526 0.79300332432287 0.322346634381612 
0.912998607807326 0.155932845620407 0.831241995483284 
0.655042094949187 0.992037292100507 0.386443594184911 
0.673687620402168 0.587191399460282 0.078408559820805 
0.903126827861707 0.369145938367185 0.439450617618603 
0.802735663858585 0.250231275451477 0.922266935427797 
0.404627734517971 0.811804807191624 0.707871447181269 
0.123372220957359 0.0563176265248645 0.0996481935026349 
0.61336544324335 0.404893308600827 0.349552086251579 
0.539979628073042 0.554521377922279 0.118075075614301 
0.0650244895671608 0.433462035578425 0.969339285031585 
0.211028425121227 0.411603874252925 0.464987947356416 
0.35893975447814 0.931882981179228 0.660013530710718 
0.299761466355883 0.252204993857166 0.362554683518854 
0.89492166829059 0.297461855363782 0.262074527452735 
0.0885339398349328 0.671238277420047 0.456047217108331 
0.164933935815903 0.500675899209769 0.591538538966113 
0.292098486000718 0.772101862715605 0.382558916873559 
0.981449682722543 0.445420611857167 0.736685697798005 
0.222698440878977 0.299633164563977 0.75103953701958 
0.481689909231705 0.115062466876145 0.437515914178228 
0.26836851857061 0.608663130835007 0.153729363881857 
0.10906927478922 0.69209840274048 0.957542064114261 
0.974462670262187 0.443795909380445 0.31834829427225 
0.262253404717079 0.104866268162088 0.559599813334458 
0.345316763662415 0.22845055266677 0.758855771161083 
0.8375736660499 0.524831503408417 0.73365503118078 
0.893504869143248 0.375045692257139 0.0538454787125091 
0.526536536648188 0.772926003566443 0.66136017286282 
0.586780368158026 0.229578742398684 0.966183262395758 
0.728302249558411 0.136241313599162 0.632249816615251 
0.908973993691138 0.818071557124179 0.137142526981022 
0.925038769340626 0.62655314971998 0.688798724528774 
0.108345163570878 0.979464665045713 0.979139874679567 
0.498505152994071 0.190471265553716 0.0568799898293242 
0.273190244693863 0.0298450812836388 0.667235594553517 
0.822959103539101 0.636132919060128 0.216970059190397 
0.977829926636922 0.385124774829077 0.77480166115556 
0.0173845058388005 0.588185040088457 0.740016774619006 
0.383670435465719 0.741831981922422 0.835737127268565 
0.492369191019036 0.522288906631194 0.462519660341795 
0.991358801718503 0.246160420703776 0.307554595781283 
0.686098477656999 0.353279411025941 0.286794711037909 
0.422457286353436 0.420277994321789 0.60189740294679 
0.070057046632309 0.729228502479023 0.545366838362704 
0.754515156501213 0.394999716149177 0.184574426703423 
0.996965488883185 0.253346291954325 0.743080922282804 
0.994124578309303 0.763821264618925 0.593445823338556 
0.749213203205361 0.750472322921489 0.751116538770085 
0.857448155459691 0.891589487852337 0.229886517035722 
0.397125752362016 0.541368333874907 0.884721167797559 
0.85306159726021 0.615975972551841 0.457175758414518 
0.516620214337772 0.507146351275568 0.94431084484994 
0.749325394048041 0.587091767036864 0.676565670257698 
0.380440883515608 0.400501817185665 0.21585492473834 
0.615072656243608 0.907772880004613 0.655896272350054 
0.229434822792855 0.262869349337588 0.193185323939279 
0.555442347915583 0.386704946582534 0.488485689968097 
0.0926562049857602 0.498244612709733 0.75846764201227 
0.869073837003239 0.242145598513142 0.495688097782288 
0.556438057011197 0.828650322197308 0.461689923173604 
0.056908194002187 0.0253315339914204 0.878909660446881 
0.717176235149231 0.216995449372099 0.113252529927181 
0.0881910799481865 0.237894942163441 0.887853364873609 
0.240263581853483 0.247640094835144 0.66625452491746 
0.0665152520251066 0.613683694793695 0.363319447433259 
0.377590898600216 0.134140546961753 0.842699442916875 
0.0952202664200311 0.628013332666835 0.62872013851475 
0.0367011930964427 0.841683404446432 0.154663387292374 
0.396235477829462 0.760405392274449 0.117731359842108 
0.698708116402248 0.647546377334532 0.265000752762426 
0.448622747067652 0.192887337036844 0.758441444839556 
0.214875747084094 0.323532689513421 0.375170283194245 
0.336945264291458 0.897896421094377 0.690777430632514 
0.542643742422873 0.141243742844669 0.0249744071741469 
0.30533195906567 0.315178766062101 0.13906485174739 
0.822231165050637 0.0261409529606537 0.884560917916038 
0.395148194579011 0.491482938403023 0.108005051551389 
0.652988654865412 0.461217790591166 0.200636989530473 
0.832969784658854 0.0202070009057443 0.183648129544988 
0.724246273154508 0.320940757319769 0.45659005709765 
0.995521170085073 0.389482963545938 0.590348564828908 
0.622852612111183 0.791640834785831 0.0547527577982995 
0.907813080077904 0.851639504941012 0.290151005280274 
0.988149164239014 0.040645634308758 0.236244125867376 
0.151922012284362 0.552576523997158 0.486769589822166 
0.603745731340603 0.731369234030773 0.526504638384331 
0.0155985355449834 0.574004312778825 0.734264439313796 
0.233170441926071 0.303559921823237 0.15606343893151 
0.156995701211037 0.79563409220224 0.731669546445678 
0.557804455309084 0.38190596242524 0.303325688607677 
0.191522153649257 0.612698991136951 0.576955663774608 
0.234187373534864 0.5471225723378 0.751760779298731 
0.434625842345239 0.682479346954487 0.52353793127627 
0.0843120939490907 0.914418084972733 0.174501448019641 
0.594409912635763 0.406999030339997 0.450837304094265 
0.871760925684013 0.501066642581051 0.908641266594008 
0.713867399708306 0.229224053318251 0.288837766874972 
0.657143491160657 0.708647737609524 0.746936444540944 
0.722325617783855 0.762350728159002 0.0859230417227014 
0.434285125897399 0.465856910900146 0.996006742583591 
0.323083211352622 0.35000862476882 0.469733542515772 
0.986825316672598 0.796627010589757 0.427946643171807 
0.659288462092769 0.917734638749498 0.00545395165935808 
0.735008810523436 0.169119888995364 0.0488898870762856 
0.00296670710806116 0.931286441595893 0.659586227806092 
0.559762991294154 0.638760529290308 0.89656089148324 
0.705226134837245 0.285234775527024 0.294567449621189 
0.82302827985167 0.843937055600778 0.152681909106989 
0.0144879217327051 0.5343786624886 0.904051253527427 
0.830019219233663 0.511861755751009 0.784771844178798 
0.665837737576029 0.000340716447839847 0.216622436054341 
0.527531188692679 0.761228882596469 0.564409460203913 
0.704767905503869 0.607584595963165 0.610372019750239 
0.0228906609224578 0.212472463591244 0.583332003831552 
0.90318731493465 0.97885858918487 0.0601041643228867 
0.239947879798686 0.654176784052596 0.777361296013632 
0.0873502167348518 0.1625626264897 0.123590198868695 
0.189362150239461 0.729058991060154 0.180622135373122 
0.701439292962402 0.500054931500952 0.506071569168042 
0.317051633408783 0.972337394939893 0.262248348101158 
0.52389538964438 0.829269242859105 0.405872882998489 
0.22068210748056 0.0691710729474067 0.168779172547524 
0.832267451021945 0.475435518415382 0.170057558999424 
0.0951767676021796 0.854995085790285 0.0311759333271421 
0.286188871733001 0.682335473914787 0.0727623119357798 
0.711235445789637 0.91984096491702 0.865078466415907 
0.0925777447841027 0.774540041934019 0.880201878436004 
0.126689957513795 0.742669002498812 0.349299129261309 
0.661181645310103 0.476475587336568 0.271281725387686 
0.0360003006812186 0.826091895730278 0.261173951095517 
0.0583378910358706 0.387716272095086 0.635247201023273 
0.348123671649081 0.498995271278077 0.383203220732139 
0.177459120833063 0.68250520745409 0.909687516237464 
0.891324991775362 0.407680428776741 0.178741265637214 
0.607303737014208 0.992173449132672 0.307567540699415 
0.0924142655415527 0.90317327850646 0.0467235171453671 
0.107859823437342 0.990203847172765 0.580213966583933 
0.640993102752135 0.22447388862468 0.197797353005874 
0.382046469665154 0.397205432130585 0.0866002403602937 
0.0565737537371804 0.559500462170458 0.592695485610839 
0.897497447159839 0.796267150340726 0.649343622685104 
0.908883607903907 0.036838876566309 0.467278813695199 
0.395928732303869 0.938065200083919 0.18334020263671 
0.689559091203641 0.533776324956574 0.23733575746293 
0.955390950178444 0.20125275300874 0.366859613157278 
0.70146061279879 0.519386220499587 0.750495553366139 
0.0417315885618942 0.56876737976855 0.573302308830108 
0.224558208242319 0.928140477243876 0.835888048557513 
0.680959984511584 0.417344788283736 0.163242383470406 
0.437449848017399 0.966077201983927 0.101789839147492 
0.296602980371845 0.120885367095883 0.123004745283632 
0.316992030626625 0.993827544615524 0.611413278436015 
0.52939764295211 0.698420129110301 0.955334572566363 
0.840288727004215 0.696485533237683 0.965108078422541 
0.863383314508658 0.418300732233702 0.456427522216191 
0.342878209121003 0.685602152573691 0.0232211356159398 
0.830937739848596 0.680585856866364 0.877819211630998 
0.336104686994154 0.0148421651752862 0.990733082401908 
0.019393176780731 0.67293923891752 0.86812667309685 
0.813455574127592 0.227923623392323 0.619494088282573 
0.304036430224793 0.95847888428647 0.971987998099992 
0.0815503634892173 0.392956110831795 0.412890957860691 
0.114331012179298 0.638398919551819 0.207425208393217 
0.755446334721263 0.17206296984668 0.820966091389286 
0.795160980799776 0.201442861557679 0.872281846530867 
0.608194230407567 0.361174893733661 0.509839745010175 
0.379460526341321 0.338081775390581 0.731742635710045 
0.140021247854466 0.606512108168803 0.285491345117563 
0.223970627516494 0.960498293377691 0.106043201920597 
0.132271662881724 0.297598853845894 0.320888305698004 
0.743286605339165 0.715942068824518 0.470496505717978 
0.33584048428379 0.536252296779422 0.738006648951213 
0.993120080322549 0.78183295101944 0.0253446214019063 
0.0435365643555003 0.228547196941705 0.0472032330218718 
0.815795927222723 0.0754914051273332 0.508522887019684 
0.0568531202417114 0.540943706194378 0.813399303617607 
0.118451235871041 0.411198946373164 0.311764345183859 
0.358286928086675 0.433995047786271 0.889841848001742 
0.887751452572528 0.164015182370327 0.351966776117667 
0.686496652982429 0.857579735972723 0.432457817454104 
0.306847755940095 0.982059349297573 0.340800065705925 
0.886536902695213 0.0121597293820976 0.456120901022163 
0.350469585671308 0.459320496515986 0.665190564778256 
0.134275197579654 0.615074150085018 0.579341942714221 
0.484495123608268 0.335923961985821 0.109534578448876 
0.684539402688173 0.324225320631743 0.53102070304147 
0.776968458097879 0.167117507274783 0.419554587183313 
0.292643898302989 0.0138204270106835 0.88639990747273 
0.00912396051414495 0.38499967725249 0.281947021038247 
0.580654657716236 0.448089031711262 0.372237114409095 
0.386039872833546 0.30662342734012 0.924253215046717 
0.592886803947802 0.736688808415406 0.246487847644132 
0.706403167315947 0.92925902452751 0.0633316757452356 
0.0524019859975213 0.706383534570403 0.0816232096783925 
0.148208738839351 0.984176038291387 0.796124796288146 
0.732422402469638 0.873791804478407 0.0980710858004499 
0.780307269552866 0.203212049884355 0.839789861738584 
0.820946073076197 0.90952819488455 0.69046222869794 
0.0129032302707914 0.0142038576371054 0.96823892228689 
0.454400158233196 0.877412942181068 0.627160052129608 
0.174173879983916 0.769814927955072 0.0112314648047236 
0.292953450369161 0.748235324746107 0.308450722744898 
0.655088727667503 0.891608319660466 0.599235153570415 
0.863046730804744 0.978136235372227 0.394966296104233 
0.467689027296234 0.724566472100358 0.46073397270438 
0.33793137750492 0.144435159463638 0.0296443887192963 
0.0902751111845836 0.276701558044507 0.511207872774083 
0.183875935237797 0.800347388163371 0.244876981826907 
0.532447252670511 0.565093799757349 0.39709523245557 
0.233790986348778 0.579983573677011 0.7224849507783 
0.278248925357242 0.252003009082751 0.0518460823464422 
0.436171623615628 0.878228106013605 0.936568606615331 
0.0703917448736689 0.85525528847019 0.23594071354528 
0.487674073543248 0.0773336748021346 0.98218348481794 
0.498835932230035 0.917260538748121 0.225075814512128 
0.444823565634351 0.353257045779963 0.184961722784192 
0.22972825599356 0.674971852765871 0.869768698173467 
0.938594533567594 0.364125047048612 0.600711384136561 
0.115952179355525 0.990297944746119 0.969467539791701 
0.766354482977816 0.76050619769865 0.183141524988758 
0.911355490289328 0.421297741318726 0.311624745983456 
0.876750202792115 0.584797805447503 0.726133226289476 
0.343120213757791 0.0315174036806065 0.846338366086752 
0.524165366089049 0.267539632631251 0.289179870993448 
0.793703675174016 0.602601037641336 0.199367883242372 
0.529024387956143 0.685040003007762 0.88308684941525 
0.0198011673147796 0.0876236870361602 0.211836753977387 
0.212133509671378 0.00406273035521746 0.905011720911139 
0.852716252604833 0.339654391789648 0.887877962034139 
0.451134698209881 0.320219444260103 0.887930161267486 
0.96710106682363 0.304037261895853 0.0947490907715396 
0.0527991885565218 0.576318583253919 0.656035933483409 
0.670558738834485 0.62208572943792 0.332462733300618 
0.498942588222652 0.10170335187656 0.321739642099356 
0.33862335669744 0.705562889904512 0.40743222013462 
0.580588827180019 0.144890858393577 0.761524009407276 
0.401343500894189 0.586927791399382 0.305257941738357 
0.0863806903764516 0.746553315663037 0.67288251066249 
0.971304771011371 0.699221980617951 0.417235010963508 
0.406613025072316 0.0240339501872817 0.245143413657855 
0.838255264255337 0.89198551554791 0.711297959420503 
0.958408204819266 0.557064299265418 0.963502370735399 
0.194430780221909 0.740904486617495 0.0262824543874163 
0.543331949758964 0.858465649121658 0.062954273569842 
0.550624116114631 0.520858579092128 0.9859203351596 
0.890097111878031 0.873510152973938 0.298499840450706 
0.49757950077652 0.272127425424814 0.194763533396071 
0.126353952626863 0.0497911973156925 0.733291652860721 
0.58267221952913 0.880720376447179 0.557483946232816 
0.42186658010905 0.0814944175451502 0.877096602635969 
0.2388009225199 0.263945713762169 0.598051779250638 
0.0873193196427633 0.660687323967315 0.209717836328651 
0.610441682678853 0.380215151878174 0.148498590639093 
0.443929849399221 0.38615804695811 0.403986371776083 
0.73524155501986 0.858011551135225 0.728462142277724 
0.242303668168515 0.53575657426182 0.225694736570909 
0.68696217550289 0.081207659133341 0.825711827644013 
0.118735170512803 0.909033524295796 0.751906524762468 
0.0503798802617844 0.711901311628475 0.842194318232217 
0.978006306559782 0.375735985290136 0.67634392281824 
0.406018424502582 0.772564200112859 0.659410069072344 
0.149185851751448 0.304531027239063 0.594519935359489 
0.464902494319204 0.463304796471868 0.860171255124813 
0.776202498830949 0.279655429199178 0.493295001095764 
0.150001249811613 0.0536496513772987 0.885969378466704 
0.790777161619988 0.391112397607003 0.191779646180468 
0.00482951058299724 0.340368551360615 0.344963802185358 
0.331789209661907 0.73490440460616 0.000286758411809224 
0.051384774991956 0.120065752007098 0.354912189466372 
0.846145254488171 0.0369394393809789 0.94878601233884 
0.367523518096434 0.632435376119071 0.00447916658803782 
0.472154667820853 0.0379114248966386 0.613593846845251 
0.744576302703738 0.586055703268412 0.553480523896162 
0.133942206918235 0.777401173849311 0.0724517777899521 
0.365523481446096 0.910759676671941 0.801552229934164 
0.332416826548249 0.96873392070119 0.855383872918498 
0.865937146295764 0.259602718641796 0.320788914021472 
0.65041467205175 0.973176795976784 0.0353674339295213 
0.331380120632881 0.0742292148406753 0.0376597955066989 
0.659123310660535 0.0978010767594916 0.184465275231965 
0.239607745893117 0.618757239831033 0.426365357090889 
0.911385242785972 0.408678980734515 0.647220053080106 
0.488815834507726 0.677846581990759 0.0157382264806601 
0.272375531621452 0.0462008589162495 0.80505669433859 
0.638299122284306 0.870887303664762 0.562967377511304 
0.272512024395406 0.966265728215811 0.824144727934219 
0.198734528477646 0.718967948443707 0.151331831305908 
0.499528316547875 0.980208108192407 0.777336720739182 
0.627997098317369 0.717108846044684 0.659258580142287 
0.969111732658516 0.140774547187972 0.963682210055963 
0.575934051338552 0.0854529920432032 0.488254626508921 
0.369015248664196 0.894334461025118 0.158643934018278 
0.646086420699063 0.454138238660124 0.502080695937425 
0.154332176854057 0.843600992040523 0.290887338710431 
0.839645646437838 0.593561614674312 0.213401859725547 
0.515732219682882 0.0121155497674437 0.102289492312022 
0.472400056418218 0.0588680962374751 0.107963486624865 
0.21351506757248 0.460388782182889 0.378833128315785 
0.0331334439260575 0.740079429345242 0.638549131638626 
0.649028636351707 0.283388144468604 0.691570134689831 
0.987961472937819 0.51970410184921 0.537072034802787 
0.0520560164246969 0.6964414802829 0.960747866873046 
0.316802067829669 0.26928387362011 0.976552842639644 
0.404323443493025 0.626425603696343 0.512127489555686 
0.322064031996794 0.0444023516235884 0.875366956403184 
