9322
6749
6981
572
8486
2384
3438
8774
8280
6722
1570
4463
2936
7013
4374
6870
4673
7369
1123
7841
3102
163
999
2193
9936
7403
2730
9398
6217
6788
9359
3689
8245
2969
6202
5373
2851
8613
6122
7193
7951
7964
5649
7233
8439
1562
8129
235
6767
9467
5875
2996
2494
7427
8712
1874
2368
5462
5447
5855
1180
5866
2216
237
4854
4574
9828
3984
7935
8686
6027
9141
8131
4368
4748
8207
1373
239
6524
7959
278
9051
9314
2742
1137
7847
5656
1437
5729
2592
8216
4091
3884
5942
888
2833
9024
9395
5813
9003
1243
3636
1952
6495
830
1092
146
3643
7491
3691
2916
832
9677
8122
5828
5208
5030
5370
5032
6795
4797
6025
9313
2888
4081
4581
6960
8775
6383
496
7382
3998
2487
4679
5359
9091
7824
8771
6330
1852
5315
4669
1186
6164
7507
4040
7414
283
2145
1720
291
301
1703
1529
7582
9399
7780
2783
8512
8217
7152
7423
9575
4060
7640
4842
5418
5730
585
2466
340
9717
4386
44
3344
1613
5778
7280
7909
8190
2075
870
536
5112
5009
1026
83
2876
8357
7465
5162
9771
2623
4931
6019
2766
6718
7220
3012
369
6345
7055
2046
620
9789
6010
8202
2157
5222
7719
8295
3172
611
3769
3706
4603
7942
7479
5319
282
6889
582
9754
3255
948
7908
9377
5507
6425
6110
2527
3302
6290
5520
9644
5740
3319
6655
7419
2879
3991
3434
1036
3756
8694
4804
2244
8402
9536
8438
1753
322
9455
4102
9624
9660
7287
156
8737
7747
142
6519
5639
7225
1972
4443
5020
6581
1230
862
2774
6523
1556
6034
9808
6618
7591
2293
2943
8693
2386
1204
6064
3122
9757
3492
5995
935
6890
4844
5381
4206
7512
2400
2665
3921
3906
4036
3231
326
6638
1363
6557
5255
3458
2702
7894
5657
5929
1006
8099
3346
7639
9015
2202
5251
2661
8179
362
503
4863
7713
184
5669
140
7003
4158
8010
1160
2713
4123
8320
9417
6239
69
6480
8633
4992
8227
4919
3476
4257
3537
4696
2683
1272
1581
4381
9370
5057
808
3916
380
6879
7538
529
6020
2670
3462
2417
7111
7672
134
732
4650
3285
4607
2278
8975
7378
1163
6344
8747
7611
8924
225
4889
1301
5991
7785
1248
8730
7377
7777
7080
3981
261
6505
5838
9179
5183
8511
6622
2614
1325
2423
6885
5129
4380
1378
7121
1670
3009
3826
5503
4622
9013
9722
9284
3813
3698
2543
8869
7799
2731
1076
3540
2291
7711
3207
9633
2363
6313
4665
5196
1466
6831
6033
4666
7401
9769
3066
9669
2439
8167
1043
6710
3360
966
2966
4367
3585
4533
1056
8351
3771
1665
9017
3809
4413
9307
4910
3844
2450
4421
188
2066
1146
5555
4056
5667
5603
1948
1435
8816
2607
5609
4492
4266
2581
2240
6634
7159
9956
8547
9865
8946
9649
2035
9082
8441
7210
1754
5088
2099
2029
8865
4487
743
5925
6066
1377
2509
410
5737
6815
4789
305
5345
4638
6829
1192
7115
4970
5770
8244
4510
1071
1128
7872
5557
6226
133
6948
9747
1224
9170
6309
5844
819
3387
8535
5690
7469
7750
9433
376
7859
5526
1966
6288
5523
7430
2911
5168
3249
8303
6917
6755
3621
2127
5871
7291
9159
8381
6949
9279
4293
5394
2663
307
566
5131
8646
8619
4243
5043
3195
9331
290
504
1048
1782
8985
5228
6522
1122
1762
4199
6376
9523
7702
7315
6273
6364
3454
303
8386
3331
607
390
4938
5971
7114
9506
9774
7939
3413
7624
7495
193
765
3330
869
8678
8094
4204
6204
7123
3581
335
5265
4732
4458
5174
6029
2410
4911
7846
2379
638
7954
3457
8841
1751
7820
3999
6657
8382
415
2480
9248
8570
1834
6196
8009
2496
1856
6609
59
6905
8282
175
3289
4735
3436
8301
180
7898
6011
6424
5574
6705
2553
2805
2547
5223
4362
8578
1075
1547
8679
6898
2388
6783
3666
3092
8423
9367
4456
8750
4002
2120
9247
6636
9174
9259
9792
2535
5674
8341
1543
2462
672
3697
2309
6579
439
7142
4042
9318
4105
2215
2630
4495
9823
8258
3937
9046
8729
2696
7821
4684
5336
8281
3162
6740
7618
2108
2895
434
2199
4059
8085
5425
1119
2839
3396
5726
7342
4718
4971
1743
7610
2408
6003
3197
4481
1264
7389
8955
7092
1282
6867
994
9585
9237
1339
9429
4926
2647
3284
5910
7579
7285
5192
7068
8563
8367
1535
1956
4647
7899
3627
3266
1143
4526
6450
2599
6620
4488
6222
5719
1427
5358
751
5473
541
252
7388
1598
4816
6148
4418
6633
2490
6436
597
321
4198
6248
9052
4881
5444
3203
6357
7990
8900
6826
9349
4982
4383
1740
4317
414
4705
9167
2124
1270
1055
8921
8187
9971
3421
5061
7214
4405
2964
4592
6396
8983
5237
7950
7997
2664
5329
6916
5337
6809
62
2203
2506
5800
8456
469
5580
6899
368
3909
3729
2456
953
3872
6351
6877
9528
5148
4948
3669
1220
7346
4838
9483
4479
3474
7673
1441
2247
4298
7510
2631
9595
5825
2292
3107
2891
2573
5068
7286
4055
1791
148
6689
1457
5982
5286
8121
4835
4836
3242
3383
6673
8926
4414
1360
7365
2501
5138
5493
281
4389
3542
2858
7511
5056
1330
8785
6834
9118
3863
8675
8221
8697
3928
9980
213
6073
9546
3566
738
7395
2729
7338
8223
3886
773
1422
6099
4128
2017
9043
1866
8268
2635
6669
9239
4945
3433
2987
136
5885
5121
7739
9561
551
4284
1519
8631
9562
6845
8657
3211
1630
4728
6486
2801
9035
7124
4671
8310
7271
2095
5763
3486
1397
7654
145
1228
1428
8385
4408
2900
8021
3503
2204
2049
332
1276
6631
942
2061
1555
4567
3803
1928
4857
2223
7793
4171
6508
1197
7222
3971
7568
3855
9939
5766
8880
1811
3586
6835
9317
1487
2692
2385
3891
8253
1885
4547
9612
7534
3062
3123
7228
877
9465
1518
8393
5157
8971
9590
3817
7737
2707
1430
8851
5618
2093
9948
1525
8069
4593
378
3915
2284
8713
6756
7537
2925
3460
9815
3493
3761
2399
4306
5084
5687
7756
4548
2461
1589
7153
3098
4024
7457
7127
5354
4474
4165
6366
5873
3091
6370
1631
1442
7093
6013
263
2717
8218
6701
2728
7593
8779
8064
3553
5877
452
8114
904
5062
5448
4034
3055
458
8482
513
4711
6380
4302
8789
3166
1674
8462
4925
8605
3373
7667
6665
2849
3117
7628
4760
6454
9241
3830
2276
3711
4697
3614
5567
5558
6215
9804
2110
3649
8060
7061
4312
8369
314
5398
6734
3033
1797
1107
5103
7828
3589
2430
8029
7471
9545
3361
4631
1058
5065
5903
7333
8425
8736
749
2949
1169
5186
7823
3115
3770
3935
1403
6121
3779
1196
6785
9929
3873
7827
7905
2616
7424
1208
3428
3073
6470
1600
1324
7023
8166
1838
9873
2188
7555
5488
5494
9119
7366
2826
3426
6841
3071
3924
3226
1494
2394
4335
5683
4839
101
5305
8719
1323
3043
3580
7969
3002
3898
6700
3429
6075
6501
9895
2529
9136
2111
8920
9758
7988
7418
2373
201
3351
3524
4270
9862
6166
9926
3047
383
5150
9655
6681
234
1601
2999
5772
4928
4451
7869
1033
5652
682
3508
3138
2706
6369
9441
687
33
1199
3792
224
5949
2464
3674
9770
6240
9436
1093
6171
1450
9065
6297
892
1130
2205
6614
7128
3646
9945
8574
6667
8795
2585
5596
972
2821
2220
9396
3230
695
6617
5699
200
6964
5240
1936
8262
840
4126
4954
4195
6715
8015
2776
5049
1231
8885
3944
7735
8670
5644
8224
1799
3541
4300
7891
5868
9839
8837
1262
4930
4784
8238
1501
7277
8725
9341
5145
7323
7108
9401
570
3744
1182
6952
2350
9970
27
8956
9650
6679
3001
8513
4066
8127
4220
4514
6719
3081
3573
3560
3075
4507
2371
7396
5539
8658
8742
1242
818
945
3299
8020
5374
4453
9139
6438
77
7000
5957
668
1702
7503
1416
1814
211
5407
2348
3676
9355
90
7626
5651
4984
2465
5344
4404
2863
8037
8917
2970
5684
8726
4635
6354
243
4322
9787
4063
2491
6691
9201
8410
8039
1659
5241
3609
2718
2382
6828
4733
2785
7260
8553
4349
9714
8884
9960
5480
2723
9673
3989
1154
6058
7513
1672
3900
7999
1089
7036
563
7089
467
2569
9818
1177
5927
2512
9363
9461
4177
6162
5414
3888
2024
3497
3277
1763
4489
9296
6554
3446
5011
1103
7255
5741
5282
833
3671
5260
9135
463
7059
5811
9868
5220
4281
4891
5548
1533
6584
6517
7447
2146
3011
7074
7868
5092
6473
2973
5335
6956
7106
5291
1990
6686
2882
4977
6540
6606
4275
7101
7154
255
5976
7680
1845
1998
9111
579
4917
5712
9566
2609
4783
6708
7034
3408
2892
446
3986
1405
1698
7
5029
5771
5705
735
2755
7273
3717
7708
9907
2031
9305
3338
1051
717
3754
8698
9290
1479
1516
647
3425
2855
1933
1176
4727
8306
7832
1050
6089
3934
5083
475
2272
4545
3475
5342
1677
9535
1801
9888
4149
8493
3247
9350
4872
7722
9891
7103
4763
750
8738
8292
1730
3547
6098
9871
7787
5950
9457
9768
3176
6296
2177
3672
1859
1096
135
319
5118
2236
6393
118
1478
3389
4274
3067
9273
5339
5561
8488
1118
5137
97
9923
8236
9253
2333
4807
705
6707
3307
2595
2085
545
4111
912
2678
6363
8623
1847
9570
2194
673
1985
3165
1237
7496
4074
9310
4599
8419
3970
1733
2754
2793
1636
455
2689
9814
1537
268
1429
959
8873
5911
2937
153
4295
2674
7602
4562
6065
7662
9235
7669
3943
4799
5132
1468
3723
7353
8384
9178
2956
1967
9653
5102
1937
2289
7047
4894
2044
1918
4768
3712
946
3787
4170
7617
5096
967
6402
5977
6721
3797
3232
6487
8413
7144
2811
2639
3619
4265
2710
5693
8327
866
3968
2621
7533
2485
4329
5518
7494
4762
6816
7239
1470
5340
7352
8788
925
2905
9759
1412
7497
8606
7559
2845
926
7026
1498
6397
8728
7912
5428
1750
8524
2699
7254
2927
3333
7410
3381
952
5382
5489
3014
9268
4761
4900
2525
6930
7843
2601
7125
9611
432
1419
8898
8733
1023
3366
9739
1069
3625
7399
9021
6850
1734
5182
7001
3878
6888
9129
7483
2920
6444
3568
5989
3044
2747
4112
2968
8417
1961
825
2493
2235
3494
5392
4030
9877
3088
8904
7774
7965
2323
5005
3406
3152
1024
139
694
5696
1964
472
8361
6671
9872
299
8988
7642
8782
1454
1149
9425
7952
7043
7433
4577
5880
8337
4245
8545
8469
9819
8233
493
5650
9982
5348
4114
7658
9966
405
8808
6578
1673
4965
9692
2889
7208
1844
3990
5025
66
8877
8008
5817
4953
3465
7603
5483
4490
3023
2453
5851
2542
1737
6616
166
6919
7194
8561
8705
881
2922
8661
8797
3221
9172
352
46
4810
604
2913
6730
111
5383
3893
5830
3472
5004
7215
2476
1346
7187
9260
2680
3237
4996
658
1662
6136
845
3617
9893
9775
2040
2301
73
7363
7993
1618
8617
2030
91
4811
1138
964
9996
5082
3082
2976
298
8083
412
3632
8286
3628
2929
612
622
6674
1371
3039
8703
5808
6230
4723
6813
7855
3028
3663
9693
3750
8589
1505
4675
8507
9524
7126
7938
9005
7833
4978
6732
7426
8136
3719
7455
1831
9022
3699
603
6167
5087
4640
6748
3801
6724
5325
900
841
4254
8362
1277
2414
4876
1314
6322
1884
8033
1622
5256
6057
3875
1294
8502
5104
5891
2041
7415
9684
6055
1062
5010
12
4345
9087
7646
7100
8203
8120
5368
6237
9184
8101
1902
491
2687
9113
4639
4602
7652
4131
13
774
7558
2903
386
8014
8061
128
2201
6558
6044
4737
6134
3161
5881
5773
537
7248
3837
8674
4641
4998
4202
5724
2998
4276
9177
8481
5060
4400
5169
6198
2533
3205
1153
6801
3
6014
1492
8448
8681
6621
8978
3735
3096
9154
7554
57
9997
8996
4315
2870
8154
7439
2947
7190
9419
7358
1368
3095
6967
5595
5928
6188
4355
5164
9424
1296
2669
8315
9516
264
742
573
4396
1617
8230
3521
3690
35
5742
1605
9765
6934
2257
3212
1432
9499
8706
4411
5906
1101
6564
5108
2125
436
3963
9276
3946
1223
8260
8614
5478
5191
7657
1772
8607
5486
70
6411
9439
9068
8812
7608
5013
8072
6267
4505
8647
7009
2432
8440
8814
3652
1787
4071
699
5264
6918
8585
6966
4278
2355
3776
6977
6504
1201
5105
9969
7958
3727
804
2748
4587
445
8680
2915
393
1587
2342
375
5937
3988
2002
8110
5912
8868
6262
7330
1425
5836
6635
1359
2067
3046
9286
8242
9727
1389
1288
4378
8200
8645
9975
8629
9093
6090
5110
1663
1010
205
1822
5758
9745
8016
2139
1148
8968
6113
2088
8520
797
7263
1602
795
543
5703
865
6882
220
6546
1686
1423
8026
5878
9670
9723
6766
8305
3469
6780
4222
6461
2934
3432
4896
5320
1521
8106
3005
9931
7054
3241
3041
8089
858
2282
482
417
4861
5947
7236
6478
2069
8632
4950
8583
8195
8899
3113
1482
3868
5152
8497
2787
3959
3784
247
3814
2846
4690
5120
6502
9821
9475
1187
72
1503
8610
1471
6874
526
7053
5206
3304
9503
2412
8906
5821
425
5386
1376
9909
1008
8478
4633
4214
9131
7931
3218
831
700
8027
3052
3124
5438
7073
8095
1839
4470
6592
1260
3323
9531
3151
1328
9381
1080
587
8766
7218
1132
8925
1651
806
1872
6859
7924
1034
1685
4823
9205
9999
2426
7578
940
6912
9940
208
4311
741
3856
7888
1469
6007
3910
9187
8976
3264
1434
5629
5204
4879
3950
1963
6482
8673
4146
9894
6271
2297
8178
1004
2848
5768
4347
8510
1528
3993
655
5195
7431
1202
4729
2011
5619
3927
8980
6413
5173
8684
47
8803
1999
9857
6463
4309
4334
9780
2538
7811
7994
8777
9510
8982
272
1888
7789
8938
3839
6285
7949
3597
9728
6527
3858
7690
9044
5280
2798
9481
8506
5259
7539
402
9102
1380
5115
9280
5858
7212
2280
5453
6649
850
4423
8499
5728
9080
7292
8116
6511
6773
6827
9257
260
6990
9385
468
3316
8290
1792
1252
5653
4749
3658
2169
6456
9221
6565
7069
6181
9740
6233
6400
6005
284
6648
2057
3917
8912
4316
2721
6777
9150
9643
3786
8628
9985
2009
8652
7635
580
5247
397
6467
4037
6509
7185
1950
9988
5512
6152
5583
788
7643
3655
6805
6341
8533
6925
4210
3339
4169
1563
8442
7117
1857
8415
1532
6120
1908
2530
7168
2387
8073
7367
593
976
2174
3907
4918
711
4304
6914
9060
206
1584
4226
2023
4452
8627
2084
7687
5809
2668
4999
4196
6761
2005
9142
7105
6394
1502
2652
1708
520
7223
3881
2413
1898
1648
4703
4779
5522
5352
8160
6324
4537
6040
3026
9794
9634
2832
9315
1550
6646
6062
3582
2965
6431
6294
176
2588
7429
338
3257
2383
565
3355
4415
2874
4904
5896
7779
8743
2433
975
564
9023
2259
333
7916
4688
8342
8335
6506
1749
9230
857
8541
1512
9469
7834
2812
4083
8995
2615
6931
9180
1263
4868
6303
7309
6252
8254
6549
723
1938
5536
1476
5423
9574
9466
4672
6304
3305
3514
3584
7308
6627
8626
309
7501
3577
5216
244
9651
1647
6379
2603
7247
7619
7515
5969
5876
7574
4609
8379
7110
6249
8498
238
7974
8754
594
9390
1714
5749
8990
5909
4075
5531
1418
2872
6305
6628
3682
4041
6543
285
7336
9058
7207
662
105
7822
2330
5388
3578
8540
6733
7137
8107
5123
8660
4798
4888
8934
8035
9215
1585
8564
2227
7856
7911
7977
5850
3683
399
3766
9736
9445
6488
8992
4320
4628
5443
5326
3747
5514
7749
82
6884
8468
5492
6548
6094
9547
2232
5754
5655
3979
7814
8911
207
1131
3400
3707
5214
2561
7478
4687
7155
8165
1654
8444
4932
1818
9952
7726
8615
5262
8649
9090
2873
1658
605
7684
3951
8592
2825
4255
1409
3845
8104
5485
2179
6359
5751
4025
4476
2523
1915
4792
4699
758
4162
114
2540
6056
5107
4268
9408
2584
2115
8748
6513
2381
1226
5779
6550
7714
7425
3171
7440
1329
6560
9482
4180
1522
1290
9674
5743
5364
782
7486
9919
698
5146
4078
3100
6819
4001
5071
2087
8231
2152
9182
6573
4305
1573
7343
1768
2269
6959
2015
4853
4183
2722
6423
4543
9333
6292
3189
1284
4382
4827
3063
3851
9020
9648
6474
980
1266
2840
1803
6401
6793
3145
8007
1068
6929
3013
138
5427
957
1317
8084
854
7913
3716
920
7594
1941
4416
5269
8025
9853
5067
430
315
4963
8313
3050
8422
4340
1813
2498
5397
7919
9979
6531
2416
1459
9659
8407
2225
6838
709
3204
768
1312
1083
6051
1172
5702
2518
5371
4897
3499
4186
5379
5416
7840
5476
8531
419
8603
903
9274
2878
3356
9671
3743
8518
9462
5677
1209
8275
4155
8017
1191
2449
4007
6483
2352
7653
6656
2524
4294
3996
684
2597
3749
6103
3010
9955
2484
7874
3008
3958
3546
124
6348
9133
3685
510
117
2908
2975
2219
4352
8685
5426
4485
5613
860
4858
1717
6784
2948
7716
9596
5501
645
8151
9666
821
5281
4191
8537
8278
7357
2454
5456
6112
7707
4795
5293
9602
5819
5537
5616
8068
4614
5744
9251
22
2230
8056
6640
6437
6042
9592
4483
5376
1548
5781
2142
4159
6692
3409
7202
5902
8691
675
5306
7270
7595
3440
2008
800
9798
5774
6318
7795
5283
5700
8059
3291
6085
9203
4307
1710
1909
1343
9128
8784
2209
4000
914
8398
3966
3411
3759
164
1805
9103
3150
2534
2473
4530
936
2769
6639
3030
3127
9431
9539
1408
861
7562
4780
9707
9270
1136
9587
6794
5349
2985
592
642
5097
1293
1812
9984
5479
3072
8853
8267
8974
2074
1283
8516
1784
9548
1783
9889
6693
921
2511
8709
2815
2083
2467
7851
6709
7637
6849
4815
4148
2817
6644
8762
5545
4480
621
4143
1375
327
8872
1807
8569
2552
7041
4211
5188
4867
6416
5864
8572
5890
7037
3849
387
9101
1511
8228
4375
3018
4890
9766
2980
6499
1788
9621
4610
1893
3571
7887
4806
4947
404
4621
3158
7019
1140
6176
3700
3529
2332
5845
7057
9456
6087
181
4845
1900
5181
9949
5519
7072
1706
5372
6326
1475
6155
6586
9397
8732
5350
8201
8421
4438
2802
6072
2459
1219
6514
1082
9656
9870
2131
8849
663
8935
4934
6391
1726
7826
5835
406
1473
1858
5244
8914
313
827
5290
132
5833
1351
6653
7836
8791
8958
3234
5915
1171
1221
7508
6459
2415
2444
2972
2503
8215
3908
7786
6004
4279
5843
1974
6006
9000
7972
7556
7870
3294
3170
3021
3228
6904
962
7014
3079
766
6434
8544
5028
7409
9598
2792
1421
6368
3184
3352
9283
7644
1295
559
8079
5347
3903
6119
2048
4269
1205
4561
8805
9993
9132
9224
2921
5544
4116
9604
753
8676
7033
9347
8758
9008
5869
3451
75
9934
2321
5720
8807
4076
7192
3595
9550
2684
4860
6254
365
9790
2294
2136
6984
911
3077
3819
2612
5390
337
2672
3701
2633
4027
5967
297
6349
6289
5328
2564
4796
798
4356
6699
6067
883
1931
3315
3923
2407
2345
5461
5516
9186
1715
539
1901
8727
5243
6247
2195
8359
2263
6913
2716
7326
6460
5203
5469
4053
7275
5988
65
7303
886
7200
2516
3126
6479
2245
7021
396
644
6388
3862
7178
4693
8451
8437
4122
6908
265
1467
3760
2829
849
3029
8565
9157
5185
3253
6160
1369
3808
6320
9339
401
2784
2857
3279
7896
6041
1527
780
1641
2539
7625
4234
4419
4554
8235
7165
2991
2390
9007
9617
8863
6193
9422
7387
6263
43
4746
5715
9249
4464
1308
5634
7632
4319
8356
2600
6035
52
3278
728
6238
4093
4834
5412
3369
2790
3480
8130
835
2377
7428
8052
6342
6232
6287
6163
7088
6629
2513
9123
4620
4303
8557
7062
5434
7151
4940
4237
984
5832
637
6453
2931
3478
6339
9731
8966
8640
778
2732
3321
3854
2239
5647
1490
1599
7294
9810
2799
7854
1417
4267
5604
7627
8358
9072
9681
3080
796
646
9569
8076
1628
3086
4145
9225
2935
3664
4052
8147
4249
8193
1085
6468
879
3734
6935
2912
4871
2632
1334
5074
9406
9618
2519
9468
4212
5573
8522
2068
2578
418
9031
3377
2096
8209
9607
915
5867
2705
8117
7477
2759
8312
7700
8240
267
6286
7890
803
8157
3290
7683
3876
7771
7530
690
6702
8913
8854
8783
6907
4552
8474
4573
4420
1347
3828
2939
152
5323
6207
7444
3156
3563
4045
2014
5521
7900
8177
2404
6130
4566
92
2955
6241
409
7960
3109
2339
3509
2273
2359
2192
8291
9226
4522
4909
7598
1240
89
4208
4794
5292
9983
7540
6972
5549
1682
6015
5472
6811
3040
6350
901
5058
2206
9127
228
3681
7133
7758
692
7324
6751
9760
5307
8426
1828
85
3874
6100
6926
4914
4013
8185
5762
6293
7362
3450
4576
938
7698
4995
2039
8112
7580
4462
79
8878
7922
3526
7472
6612
454
5263
8371
7129
8392
2576
1761
4993
9152
8677
4471
2657
6902
2076
4364
3214
1484
5935
2362
1225
6102
8517
7589
1861
6177
8554
9294
195
1523
544
3506
9911
3799
3108
1022
1891
5648
9028
7670
9913
5045
2537
4558
2504
2356
1914
9454
185
3236
8113
6760
4409
4394
1580
7850
3592
4713
2335
7015
5113
8521
1117
9876
6961
2577
113
6128
4722
2113
8055
2217
7005
4570
2724
2989
6338
9737
7321
4484
730
9842
9887
6716
2003
7143
5527
4588
2541
4338
8624
1449
9418
993
5089
4283
7545
659
1392
3235
3953
2047
8208
5997
4168
9081
359
9713
5324
1912
2457
9835
9073
8149
9875
5380
4031
9564
9834
5464
9173
2107
4655
2979
2917
4121
7348
2248
98
4685
2393
398
2521
1463
5615
2693
3618
8519
8577
6083
9083
2119
18
3624
7565
518
1776
2691
4736
1184
9484
2405
9746
1320
219
3772
3335
7293
4182
8664
1878
41
8105
9326
4958
9321
8947
575
7599
9620
2835
1031
9878
6731
856
9394
5879
9227
6045
3710
3605
3667
4706
212
2
6804
6768
8819
987
7736
2622
639
6895
3590
6446
6593
5966
1292
6869
1161
8530
6754
1285
8264
1398
5859
5842
2775
1719
3399
3825
6497
7796
7704
2928
4571
3866
8596
357
760
1255
7317
7120
3159
4017
7459
2106
6211
9844
2765
8882
4065
3942
6659
4968
7849
9709
2626
6619
2531
7920
8172
2253
9551
6173
6205
4636
8608
3765
4536
2268
727
4499
584
7552
3725
3295
1711
8844
9360
9797
6717
5599
5782
1256
7245
1944
8665
4709
963
8096
6975
9788
4906
3834
8759
3239
8760
6808
8360
3093
2952
555
5533
7065
8272
7800
1718
8584
3314
9066
7852
9708
1005
3905
408
9027
3777
807
7081
2974
3763
5688
9597
9522
6979
3244
6955
2191
6381
4341
5575
5530
8343
7989
9764
4039
2910
2695
9554
6958
909
392
6084
6742
1480
3630
1790
958
2325
4589
174
1166
3276
1549
280
371
7790
1017
2681
221
4459
481
5550
8152
8307
4425
3594
6823
1189
6739
3415
7226
6115
7666
1084
7379
4366
7651
992
6276
2349
3978
9881
6118
3020
1728
3354
8042
5901
4720
949
3737
161
3177
6824
739
2001
6713
9228
9591
7468
2591
6817
1106
3025
931
1261
5535
2824
5636
5697
7341
9202
229
5308
7773
6071
3410
2507
9556
7301
8097
2700
9471
8692
3693
8332
149
9189
6911
1203
5100
3606
4271
3393
6603
2796
7274
9161
2447
7283
7631
8428
2007
6791
6752
3141
3119
9050
5882
2596
5789
2360
897
5661
372
891
1625
4721
1404
9291
2475
4929
7161
64
5439
8287
6863
4634
5153
532
7925
5190
4231
5078
1793
5572
4874
7788
3456
776
4223
360
8070
4518
2116
2241
1582
3142
246
7699
4016
5149
9910
1039
4580
902
9379
1520
2951
3324
5786
76
9298
3293
781
5249
1115
4837
9802
1567
5759
5318
2337
1147
1239
1081
3083
8835
8655
2160
5600
3246
2151
5736
653
8875
7241
1433
3846
6022
2242
7139
6555
4619
1274
5735
4642
9829
8722
6983
3283
1678
5975
5101
3265
5996
9721
5664
4433
4629
2619
3668
5136
2694
1370
4113
6923
7944
6532
4786
8765
752
9364
4969
7927
3922
4225
4878
7113
4750
209
5513
1773
4734
8600
8329
4586
7661
8319
3600
7141
2056
624
5014
3048
8119
2644
9749
7400
2995
5027
9847
4615
1534
9095
1876
4363
4873
311
1286
3187
4535
7097
9963
36
9694
3684
8322
3199
6553
2624
3191
9217
9148
1725
6469
6149
763
2246
2679
9309
4531
7500
7807
2262
2228
4010
868
6933
4601
8690
223
4738
2642
4353
1984
9584
2260
3327
7941
9859
3848
7805
1577
7482
3745
50
9125
3945
1594
6500
2059
9509
4556
7467
1185
9416
4643
1155
2143
3511
1414
6575
1444
460
4898
3353
257
5709
905
8818
5317
4627
1971
1190
2025
4232
7573
4974
7674
7412
3885
1060
1338
3930
1028
5983
9519
6016
1309
8062
4201
5417
2749
8813
5429
4605
2649
9782
2226
7199
1669
5366
1568
2441
6965
2559
3114
7046
1364
3865
9231
6135
8582
4153
8826
5360
8548
168
7049
7118
3662
7987
1299
1135
9625
3639
7968
8542
4390
8204
1969
1949
623
6571
45
14
9501
9525
1365
5268
5569
7313
9195
9563
4623
560
2761
2909
497
8650
8325
10000
3778
7838
7445
6492
2945
4371
3219
8857
4773
9578
230
9214
5080
4972
1542
1495
5841
4617
2645
8164
7316
5532
8930
4215
5274
6442
562
8595
1164
6738
784
1892
443
4238
9089
9593
7004
8155
7547
5450
9908
456
5332
8897
598
2123
4740
5560
5839
9451
3274
6759
7460
8346
9748
1019
1634
1066
5632
3520
2488
4800
7806
1179
3987
9420
5502
8252
1440
1358
9256
8721
5002
6060
8243
761
5753
5919
4532
9383
5221
9245
4012
8667
736
3054
1145
1558
1780
1297
3037
981
661
6314
420
9583
5528
8134
7600
8801
4939
5232
3201
5904
4139
9293
9991
1372
9741
4014
196
9700
1510
123
4299
3713
2409
1596
2836
6355
4342
5300
654
8390
1697
1530
470
759
2760
1061
5031
8723
6300
7517
6082
3807
1924
3347
9772
3470
1215
9032
7930
6712
6698
2677
7792
5717
5610
6678
4009
8132
7448
762
1676
9053
7567
287
5218
7487
4626
7886
2265
4560
8175
5144
1018
9311
876
5176
7703
7393
3106
9151
2994
5142
4670
6131
2860
4936
6973
1541
320
9019
1322
5883
8952
9846
2740
9706
8376
3815
304
1344
7231
7170
8575
9513
8222
1796
6530
5965
4156
2071
2455
4431
6371
9838
2135
8593
5960
1341
2026
106
4678
4565
7262
9336
2438
9776
895
9209
2862
9140
4057
5638
6526
689
629
8137
4246
2328
7748
6512
5235
6191
7322
6995
954
880
9781
2950
7024
3325
3270
6786
1515
1650
7183
6994
6398
3613
4346
2218
6854
7521
8490
8543
5612
2329
9410
790
7492
9330
6284
4262
9188
9825
2392
6491
3695
991
9234
3871
3337
3384
6583
312
7402
2128
3883
6050
863
8447
3545
1684
8724
8715
1035
2270
5987
6763
3169
9665
7203
6806
3704
7331
2258
2763
5856
3388
427
9144
6602
5098
8839
6030
7355
323
5981
6587
5119
248
329
586
9858
7140
385
9600
1304
3730
4604
400
601
8049
8057
1267
7816
3390
6538
5141
382
511
1855
7040
1007
4377
851
4157
5594
4686
3105
9572
5597
3702
6515
2842
2429
6331
1053
8044
4575
9346
6116
7907
5589
4403
7995
9218
9856
5601
4229
3534
7048
3259
8965
1722
6256
5201
1477
2100
8832
3372
8489
8710
7745
2914
9860
4895
7825
6832
4263
127
3034
7104
5225
6623
990
3391
1139
1233
5015
3788
9642
1318
8672
2550
7572
5559
4445
1352
6009
277
2662
9219
9504
6074
233
2923
494
3250
4625
4132
7862
7590
4612
8862
7437
4820
9553
4829
9190
3359
1157
179
996
5500
6891
9040
5075
3551
5582
8023
5491
7079
125
8903
6133
7067
791
275
7230
4028
9064
119
1846
8778
626
3068
2427
4436
3859
3588
5506
1910
6647
5401
270
5948
8408
9386
6604
2283
1247
3153
7514
3842
7973
171
8969
2064
6776
1745
8642
6770
6976
8145
3977
5804
2098
507
1504
7571
2055
7325
5026
2471
793
107
1890
3309
9356
1109
5424
9697
8405
2688
9559
227
8144
5963
5413
4771
6476
4161
9905
6024
2130
8276
6405
8559
3318
4584
5671
1348
7384
4435
8887
5889
9337
3488
3371
5250
4691
614
2326
394
8284
9107
787
9155
5707
5421
6189
5133
2625
6860
7570
1848
5021
67
4046
1707
7181
6441
5892
2155
8323
9594
6323
343
9973
9492
5047
1769
7975
2474
9285
8861
3561
1465
4044
6947
3032
191
1620
6077
3471
2887
9720
4524
7616
8929
7527
8609
6315
1087
5739
3139
20
1829
6069
4550
3477
2990
9658
6000
9004
1001
6283
4207
1767
4848
8483
9812
3653
4812
8739
6864
9807
9817
2711
2397
3308
8365
6903
8711
2604
859
2267
643
3505
1113
63
5980
4475
8063
4387
9197
3518
2483
578
677
7873
4219
3496
718
5633
8271
1923
182
7881
8453
4096
7318
8036
7889
3829
4402
3941
2121
7150
5958
8822
217
6842
1808
5211
8051
8858
4461
7520
6582
6002
3281
3182
5041
2012
2883
2859
9092
6518
4099
6213
4388
6597
944
2176
2445
5402
9222
1246
9864
3565
9039
1640
9378
6598
702
5151
2613
4020
4026
8477
3479
9921
2517
8936
273
8599
1867
162
5365
4391
6443
8274
7411
9400
4498
8032
4200
1366
9067
846
764
9143
1655
3049
4213
4764
7404
3960
8077
2440
4339
1747
8266
4990
1474
4564
6449
7715
8436
4782
8078
9362
4912
1904
3190
5298
5747
6843
9638
1752
5827
1234
8769
1827
9803
1129
8746
4115
9495
9647
4103
7235
9767
4437
8111
4197
7149
6662
3810
5367
6814
8780
7706
8856
5824
2520
671
7743
5314
2568
7613
6970
1817
691
1345
4272
7347
3365
1830
2222
4654
5296
1806
1443
3656
6637
1561
1265
4708
4742
8374
9096
6868
2315
7791
9710
316
1609
3677
6234
5279
3997
9220
7936
9098
2237
8964
4385
1178
4125
737
1996
2133
9156
9478
9699
3157
3317
6440
2221
894
1356
2101
6021
6746
9657
649
8842
1825
7167
5391
6028
3687
5731
1607
1766
6325
7030
767
3638
1042
2182
1929
8225
2772
7767
9006
5079
5917
5874
8311
9297
4173
7029
7609
2164
3751
8764
5457
4047
6404
6038
5143
1453
1920
426
2701
5363
7829
4831
3208
2185
5313
4251
7408
2667
3370
8249
8108
2875
910
1981
7454
731
657
7490
5001
6358
5497
5899
2924
345
1275
3847
395
7519
8656
4289
8460
3914
2422
2492
6302
3240
3877
6174
6108
1415
4089
8219
2307
1095
6547
1882
1657
757
4106
8124
2563
7985
7523
3202
7691
7266
4606
17
7319
8954
6224
6670
4822
431
5090
6227
7897
7493
3215
58
1526
9282
2514
7830
4360
2828
7156
917
3267
4502
8757
1887
6153
80
896
5210
8006
4332
7112
6377
8161
6214
1020
1460
4054
4395
3147
3782
6390
3824
5219
5316
5659
9826
2027
9380
3696
9138
9899
7450
6251
2583
6507
9571
339
5961
5834
1649
8612
6897
7177
4455
8820
3397
3254
6858
4901
547
1
389
8908
1174
8850
6820
7058
8761
3976
3461
6735
1778
4273
4927
370
8941
8459
1100
4194
6957
9255
6382
6088
9843
9109
7243
6745
3121
7386
9743
852
542
6395
9622
951
3424
5238
7721
9403
8840
8848
173
2171
6093
4776
9062
1200
2750
9242
2304
7422
6676
9968
5793
8961
6883
5672
6412
1595
1559
3739
5187
7536
8799
5044
5944
1870
2606
1995
3657
1643
2313
8567
5686
2252
9668
308
5509
6175
1934
8794
6150
8012
8639
2770
7809
3258
523
3892
8696
2172
6682
7928
7865
7710
838
5641
4840
1785
7198
9924
5658
5272
2574
5807
5698
1198
2953
5171
7976
1127
5994
9675
1259
9099
7765
3129
2984
5621
5862
1777
8472
9100
3675
5199
9937
805
8846
2636
7948
5769
7694
8781
9371
7998
3538
5369
4187
9606
9942
4348
5297
1217
755
6427
9742
4883
3273
8907
6485
977
7327
4138
772
7134
3607
4611
4086
884
2327
2298
8
4521
756
3673
4043
7696
6537
1333
4997
2933
1273
4814
4147
8909
293
1879
7176
4179
6938
9236
5099
6865
4393
9744
269
4981
7304
7892
126
5179
1394
3363
5351
4664
1712
4821
3718
3216
8189
8587
2319
7601
3954
7893
6210
4775
7550
3579
4754
4677
5666
48
7299
6839
2166
3051
2896
9962
2808
7741
713
7020
8109
4646
6229
3896
1842
2396
6556
8625
7320
8350
5037
2813
747
4082
1210
6993
5956
5470
1207
4503
9641
4851
9855
627
495
1705
3994
8466
9112
8255
84
6219
3394
3615
6765
628
6591
7810
1357
8790
5814
8003
8927
9689
4652
2290
5327
348
8473
4921
3401
3220
6347
9458
1610
1452
906
1424
8212
7991
6521
4624
5625
8146
9833
1973
5449
4150
5252
1099
349
2053
8123
4525
5780
5288
8928
665
9476
2168
7434
8054
5289
4426
9518
8443
633
310
6771
29
2198
4133
9340
5016
4884
9486
3622
8621
2006
5395
3435
9976
88
8786
341
9830
602
4781
1557
4653
3688
1615
3913
5356
1142
5734
1608
7010
2780
6200
251
3070
8197
8845
8991
7197
7449
8514
2065
853
7679
7671
973
6596
9323
5334
9558
8505
1983
4428
970
9357
4134
5396
5678
6208
3452
1877
6807
6920
7354
8932
4951
7063
3882
3860
9735
8641
9325
3574
7351
6264
2593
5642
2827
28
606
4175
4422
2091
3911
5147
5468
1880
7794
6408
6944
3036
667
6574
7901
9753
2285
8823
9243
266
4109
591
6566
5918
4597
7842
1229
7380
1305
4032
6447
9953
6329
6595
2266
4544
4154
8962
9079
8800
4442
8870
8659
9036
34
4731
3427
4325
4120
871
30
3659
8687
1332
7784
8597
4578
1446
8852
9421
2777
2021
8973
9916
2243
872
8963
8427
2499
8555
6561
6124
2930
1067
9800
6080
4701
4847
1694
9791
1943
9560
918
5931
3647
5959
19
8550
2962
3382
7844
1249
5302
1664
3133
8942
5399
631
1413
6941
811
9488
5637
1863
438
2794
6696
4407
1455
650
1340
1691
3870
3374
2557
214
4190
9610
4004
3748
5798
8259
6255
3832
2212
9763
23
6182
6971
610
5721
2562
1604
3455
441
1735
1991
7489
8767
714
1843
4975
2302
1540
8180
5606
2079
2104
9181
683
3956
9304
3631
6570
1393
9176
3564
8296
3552
8071
6180
4859
3678
7174
9521
2070
1167
8744
2357
8082
102
8756
4185
1355
4449
4073
2431
8432
8768
9863
7025
8960
61
5042
6516
6386
5894
8581
9213
5475
486
9405
204
6269
1461
9258
6070
96
9922
3178
8532
4758
3517
6632
6367
6750
165
8211
7136
8495
3654
6435
8695
8241
561
6212
6978
2020
7845
4253
3773
7421
9783
1671
1623
5175
1927
6362
6457
1572
6789
5585
7334
6385
3272
969
4542
1721
5073
6545
3120
4793
87
356
8092
6421
7734
4018
8883
1823
4645
8005
9761
374
2081
3650
1514
1576
929
6428
2942
9303
194
6886
4741
9530
2781
6601
199
7831
4777
3135
8140
2830
5689
4092
2837
3894
9773
5755
8470
6876
4509
3780
9511
1864
7524
3357
9733
4127
5465
1646
9328
4774
5312
476
7234
9194
2762
2814
6332
5627
3196
9896
3890
4572
528
169
9702
7528
9414
5435
1439
8601
7770
9567
4434
3495
2906
3217
8458
4095
4657
8892
3442
5852
6127
3796
1384
2605
1072
3262
8558
2358
3559
7016
2865
7914
7375
122
3248
7256
3507
131
2697
5914
9393
1079
6940
4323
3031
8046
8377
5231
6346
1546
8704
1097
4326
4051
8018
7906
489
6301
2322
6798
8169
7022
1593
7982
7650
1965
5546
3445
531
4379
1399
3301
3733
2741
6422
5993
3570
5710
2567
7636
6643
8340
4674
4913
7818
9146
7017
4321
6939
8525
7307
2864
3112
9880
4959
1029
7717
2036
7329
5916
9515
3125
9402
5341
9941
5242
7813
6837
4392
7895
2437
2034
8075
3992
1621
651
8611
3800
5064
2556
3821
7252
198
6812
8843
7035
6969
1269
7733
1690
7876
1120
1816
5408
8300
3936
8043
1402
1015
7064
1002
9683
6387
1133
2038
7768
5962
4397
9489
40
2871
8354
5716
5200
6727
8787
9734
5643
9861
3864
6123
1739
159
7884
2653
1016
5541
4882
4725
3280
557
4600
4841
2452
5676
9373
3490
4369
3003
4534
154
7693
5973
2109
8994
5130
4062
1700
6235
1150
4228
4504
9529
6039
2648
9392
3611
5384
9630
9978
748
3444
4770
3168
5284
9998
4496
2673
8387
4787
8598
9266
3728
9588
3058
4107
2992
2959
3694
3645
8821
2281
3094
919
2162
6536
1713
8817
5452
8948
2190
7132
5952
2838
2398
740
4591
8455
3084
4241
203
1386
3818
2602
9485
7957
8364
3340
2675
5822
6909
7546
8763
8257
388
6101
7268
7655
5410
250
8118
9732
1869
8330
6666
7098
5411
7877
9755
6625
3045
2898
4886
2072
7645
8389
5534
2560
157
6901
1978
2938
878
8368
3741
9366
6866
3402
8579
8380
346
7934
708
9334
6272
4446
9338
1326
6063
5233
4454
9480
1306
5614
7224
1144
6535
8352
9452
9879
4757
875
3616
3939
6951
6658
9682
6600
6049
4087
6280
5815
459
8671
5578
9646
9145
9444
3484
1327
608
8348
8796
350
8168
5870
3635
1727
8916
7480
8414
6803
632
8539
9974
1362
3794
8889
5400
5970
5785
3598
5665
1824
3543
3901
3148
2366
9496
5624
1218
6360
5805
81
9816
4142
4512
1976
9943
2338
5725
3194
2367
3604
8556
3530
595
216
5926
1679
9384
5198
4832
7488
8125
5474
6878
785
4401
934
2804
5431
3510
3376
2161
2944
3752
2757
4964
4743
6651
5784
5039
3223
5406
3110
7344
3831
3322
8860
9885
5525
3334
1313
1775
8141
5861
6762
49
5278
9108
2918
2737
6769
1025
1485
5752
1493
7742
5792
5378
9240
8328
2033
5490
377
8170
317
5816
3502
7902
1826
7373
3660
8534
6184
4662
9448
1968
6697
1472
1836
4141
9849
54
1959
6851
6138
7685
2852
485
8688
6660
9117
4457
2102
9244
9409
4988
616
6165
556
618
1385
9663
2403
9070
2733
2058
7532
8182
5437
8429
2022
5645
5477
3599
8859
7099
4717
8838
7561
2468
6588
8162
4331
6664
724
6291
3006
7257
5070
9265
8989
202
5570
6465
6245
258
6932
5246
3286
5224
7332
5127
6921
4915
3902
5505
4174
4747
8653
2628
3823
2078
7744
2050
2153
9460
5159
8188
6562
8430
5829
1616
1124
722
9428
9120
1170
4702
2926
6534
4296
5584
4956
3358
9316
3329
2481
9164
276
9278
1088
7027
5775
2311
32
4166
4887
8283
2881
2500
5322
5924
1975
9852
4759
8080
5156
1819
3311
3269
9627
9850
2993
1310
7918
696
7498
4808
99
9690
2211
6451
4788
3260
8406
4683
6091
2714
8065
9162
1977
4117
2958
7131
7077
5003
8772
5692
7298
9806
864
3074
725
4767
4192
8718
1307
5234
2391
6334
6106
6031
3670
5012
2154
5992
8066
3407
9507
1012
3368
9404
5974
289
1298
4752
6169
4242
6611
9533
4630
1401
9502
1629
1183
1216
9902
4477
2141
2867
9581
8401
7096
9479
8931
9964
9845
5714
1917
9301
685
8397
6704
9589
719
1794
3222
6810
6170
6688
2181
1815
2435
4108
4935
898
7729
325
9869
5934
1979
6274
2037
4790
2148
172
522
2739
112
6471
571
6125
7629
844
3163
4337
7350
6989
2685
4922
7621
5602
1860
2156
7276
1349
5266
5158
4244
1499
9938
5854
6258
7008
2712
3983
9320
7979
5863
2671
2545
6001
1151
5048
4344
6415
7622
2510
3312
2275
9687
2004
2043
9200
4613
3753
4292
2010
9867
1993
8464
2073
5338
789
7751
1300
576
8220
3783
334
1361
1661
2508
1353
5571
2660
8174
1126
2919
9901
1868
3256
5951
9207
3146
5134
4358
9016
1746
4033
1947
6008
6741
2640
7947
8811
534
809
8153
8239
1021
9532
2497
4068
8504
7996
8038
5547
1645
416
8334
4825
39
6576
3515
9494
9623
636
726
3198
3183
4765
1940
6986
3575
9890
3448
6104
3056
1755
7119
9840
669
834
6114
4755
8394
9250
6418
1551
8792
9995
6481
681
4465
9785
3790
1094
706
9196
546
7630
8648
9990
1111
8298
4118
8388
8620
7853
9801
9440
3022
1896
1517
3024
2771
8024
6862
3512
8560
4594
1841
2758
8004
6012
2105
1257
1436
1195
6615
4801
7553
3252
8246
5626
2279
3422
9626
100
4424
3967
8798
609
4850
3995
8446
2884
9077
2611
7560
2411
2264
3481
2643
7812
9725
7071
74
2318
7398
6378
7251
3836
2147
9085
1000
5913
7391
6695
6569
4946
3686
7569
7757
7462
8133
1496
3587
5498
5810
4517
2586
5330
8103
3328
1770
7819
5953
5853
4966
7076
4983
9900
1181
3065
9261
3980
4916
1009
1064
4227
178
932
1395
6963
1911
5050
6840
2522
2287
6186
6268
2822
9446
6462
116
1894
1057
5872
3416
4333
678
4441
1688
3708
5072
4184
1748
7249
3414
7509
8708
8199
9300
9010
6236
2572
9254
8279
2402
812
3431
6126
8028
8013
5695
3952
2229
8391
4529
5257
2869
8494
2436
5592
2324
4224
1445
5122
2856
259
4616
9695
8552
4260
7314
1483
2042
7727
9601
8874
1668
5277
373
11
5454
9667
1315
9762
9344
4541
9459
9163
6945
5529
1303
1704
9957
1591
4753
630
8475
7966
2904
4406
4209
422
1619
3101
6295
2686
53
553
9751
569
442
5331
5
5202
8232
10
1675
8487
6630
4676
2704
1152
6414
2834
7184
5430
3140
9897
770
540
8919
2868
328
7175
2768
1821
2932
4218
9114
6017
1508
4551
4372
5299
4508
5848
4949
6559
3634
3386
4979
9961
3296
9059
6168
704
9045
7392
9246
3459
262
9925
361
2736
5623
3964
8636
4310
5333
8086
9688
9348
7213
2978
5968
3757
4899
4069
7885
8418
8150
9824
7091
4152
8158
2477
7675
961
354
1886
2608
1211
3850
7983
997
5887
5271
7775
2800
3017
2137
9573
7676
8741
1637
5035
3603
8604
8591
8867
9002
590
3209
3143
5116
9914
8047
8717
712
9820
3076
8022
2184
8753
1820
1214
1744
141
3131
189
6799
8184
5471
5682
4943
600
4494
3174
7360
9295
1701
2361
6737
7801
9329
2960
7682
38
4649
8815
7227
6857
8347
1047
7978
9423
9490
8536
7302
4563
2634
1059
9061
9809
3583
3602
2565
2549
5504
9614
4869
2971
5581
8431
9358
2336
4660
8616
3420
5377
501
7712
5826
1873
4100
5990
2401
2277
745
9691
4698
2080
6663
4707
6498
5433
286
599
9121
3775
3087
1632
6281
4902
2610
1173
4236
813
8682
1116
7028
3412
7090
8480
7163
9500
7692
8229
3742
922
848
3857
8551
5154
8299
9354
5893
1742
4528
9779
3224
7406
4680
7782
8434
3610
7297
9175
7452
7196
1253
5932
473
7633
9210
5445
1302
3229
8492
5591
9375
4527
3069
824
965
615
7204
6687
979
5986
3527
6790
7718
2551
5999
130
5362
2089
524
5802
2170
515
1464
9730
9542
3785
183
6282
3487
6199
7087
8855
4264
7050
8050
7296
9645
3380
2274
2451
1729
5346
7381
924
8830
2312
7300
5812
9652
2372
1251
9122
5565
5590
786
1456
1666
3522
7866
2224
6335
3548
2238
3925
3213
4632
7042
6261
5668
4745
2189
7397
318
6992
3833
7606
2314
222
8984
2134
4473
1105
4941
6250
1832
5886
5267
4828
8309
5106
1851
7584
815
509
5823
6796
9171
9030
2117
9750
7188
1038
9629
7543
9474
8353
1032
6736
2489
6337
9011
899
4819
8810
2138
4663
6974
9898
6650
6353
8622
8321
7364
1287
971
3651
6585
7474
8793
4596
1862
9149
6439
5055
9453
5586
8463
3453
444
577
8088
9609
4830
2866
1279
6466
581
7815
2448
1040
1544
8457
5628
3326
1400
9430
9729
6610
8465
9920
3116
8970
2250
1227
5818
5511
93
3282
7923
8198
9033
3061
8048
4569
4233
8833
641
4501
4659
4730
1311
5922
1945
2555
7146
3798
8945
2086
1786
9168
4805
6833
7753
9047
1387
2637
1491
407
9811
2654
7219
8373
8285
9312
1488
2544
363
6642
4205
8181
4023
9211
4067
6299
5920
2570
3975
3449
6266
7138
94
5167
6187
7160
5215
8714
9933
4314
2144
6307
4248
3550
939
4809
3155
3417
4905
1724
3640
3962
7390
2708
4852
7686
9069
8707
7261
4193
8087
5790
3661
2894
956
487
7473
6265
9726
3516
8997
1642
6095
7337
6552
7566
336
5459
2806
9959
2656
9352
5230
8424
2819
4506
3982
5796
6455
2646
5008
9854
9537
5630
9229
4472
6242
9447
1683
9074
4520
5086
3504
617
5553
7179
7802
8324
1041
9805
3167
1579
8115
7701
121
4217
3298
7981
8308
2140
7837
6105
8265
4361
5704
8090
3947
1759
3933
292
2715
3644
4908
7082
3423
6494
4907
7312
8363
4803
3173
5038
8922
3973
9784
9841
549
8745
4682
8901
9104
7182
9086
5024
666
7548
9917
2709
5985
676
574
4101
1077
2893
9716
5943
7797
7216
5940
9679
6668
9580
9387
6061
4235
4447
3491
5163
2725
9332
3185
4297
9368
5387
8638
6892
7867
589
7526
1771
4751
6821
1916
4022
7376
7269
6192
6243
8496
3439
4178
8944
4357
4240
8864
7798
777
4313
2196
7173
5732
2847
4129
9599
7045
353
6645
1374
6392
4318
2032
1644
6927
9238
1354
7776
2255
2957
6802
775
6159
2062
5063
5440
150
9147
4359
1635
3180
2899
9552
4097
279
2112
1232
2638
7808
8396
2126
8416
6539
6924
4327
6726
1889
1695
7623
7311
8034
6887
7432
6220
7581
7563
3955
937
1756
7413
8091
5608
8452
6800
9987
983
7879
4813
744
4903
9041
2434
5023
4090
7295
6937
7861
1104
583
7267
3804
8752
4817
5419
451
8031
7933
3528
4439
9958
8445
218
1835
245
7169
8100
4539
3085
7211
6825
7529
6987
6068
8987
6206
1507
7596
1125
7592
6185
2753
6311
1554
2961
2946
3398
928
5484
2340
3869
2744
2659
5389
771
2418
7265
7328
2810
9540
8957
8289
9169
6714
6856
3633
403
6607
3558
3303
9042
5908
3392
4104
7882
2650
5040
8237
4365
8433
479
6201
9703
9438
4084
9582
2495
288
9324
4540
9271
3193
1158
3149
3287
6694
2746
6605
384
3349
5052
5551
9302
8825
1553
4715
2528
1960
9603
6343
1571
1732
7761
8666
521
8891
968
8375
8191
2173
8734
167
8336
1388
4163
7754
4398
2734
6896
7407
2175
3128
9435
9038
5998
2183
7289
3181
8979
9493
6023
249
7310
5000
7783
2132
160
5140
8192
635
8214
5540
3567
4285
8247
6178
3899
530
197
679
7638
5515
6677
9903
324
1331
1078
7306
6278
2406
15
6448
7078
1926
8314
8910
7660
5538
9577
8588
3090
411
31
413
5727
6489
4019
4933
4072
3261
4261
820
6445
155
7476
9491
1451
4130
1281
8372
2901
826
2515
8040
988
2424
6775
8053
5091
995
9110
8269
4085
3820
6910
9967
6190
9049
5248
5777
8277
7172
6942
3889
3841
9927
1538
2295
4247
499
1539
3912
4308
2940
8770
2797
9472
6225
5765
8735
7436
927
9954
2316
7502
6146
4661
3731
8977
4058
6922
5508
6308
2782
9088
754
3342
5094
7201
9918
2288
6306
6594
5405
1809
7583
355
6477
4523
6675
5095
3154
5007
4151
7910
5287
5663
6048
151
5258
3767
1583
6081
9935
7158
9442
792
9527
7086
9391
5723
4280
2841
7253
4694
7361
2376
294
986
2231
6510
2843
9637
8293
8399
8828
7368
9928
4482
5587
5166
9512
8829
8509
887
567
9130
4478
4252
1236
9827
4144
3271
913
3811
474
2658
7242
9544
8011
7335
4651
3089
7463
7689
7240
5933
2575
5019
4005
1513
5178
3929
6374
6221
3536
6352
2751
7504
8148
7970
9443
701
8261
1919
4216
6589
2256
9672
1486
2809
488
1250
8142
4124
7272
6223
1955
8205
7107
1624
5467
7189
1524
7420
7971
1680
3626
3806
4384
4497
7470
9813
2300
271
9056
9327
3880
8573
7130
9944
7614
5756
3306
2954
8527
4048
8526
3703
1681
3557
4944
7839
4962
1987
4070
7359
7665
5170
6
2317
7116
5788
2341
5403
8902
8491
367
232
8701
7044
3513
9288
1958
8881
9361
9565
505
9351
3781
2395
2907
6946
2442
56
1206
462
6399
4256
5713
6158
1321
8412
8484
7634
2421
7681
9193
4493
3443
7615
6310
7549
5303
9831
5128
5006
177
6980
4061
7817
5093
7345
5847
2818
7383
5051
9204
5301
4110
4658
4003
4008
4549
8461
907
7677
4172
2446
6137
2548
6551
1810
464
6680
7356
5409
1871
670
8546
8888
2795
5801
7760
1905
8893
3897
457
109
4288
1994
1986
5496
9724
483
6572
6316
9701
7060
2299
256
5126
5898
1758
9376
9014
9719
9292
306
7279
6985
5343
2375
9965
5254
5706
2122
8404
5276
7781
9432
5622
5155
664
1699
3243
5017
4429
9837
9639
9191
2988
6998
190
2369
4557
6047
9951
6577
6873
2752
5499
1108
2310
6982
4287
3620
9037
9185
9676
9450
4412
3544
7443
6778
347
6872
2158
7232
5415
8366
8809
6183
8345
4875
8317
7778
8773
1656
506
9686
2052
648
8967
7723
1390
2016
7416
4444
2963
634
1569
7871
3362
5066
5253
1988
8302
693
5941
5611
6043
3920
2296
7417
7371
7171
8210
828
2997
5691
8590
7157
7259
6052
8297
6157
9932
5482
3791
2063
619
8668
3227
2719
1590
5227
1188
2598
9678
4516
1447
7772
9319
4692
7755
4468
4486
1102
4877
7763
3251
8234
4088
8943
8501
2756
6270
2306
5577
5979
3341
7848
6036
4291
5172
7018
5846
3238
8643
9777
8654
2187
3840
6758
9520
5139
6142
1942
21
4985
5761
822
8651
7604
3918
8831
5353
9698
9048
1278
9415
4277
4094
5422
5562
5679
1639
8749
8067
640
6197
5466
4467
1235
3802
8326
4961
3867
9616
7992
2890
2885
810
4029
588
7518
9124
2941
1736
4466
3268
1833
9263
4976
882
6493
7451
9412
5718
8663
5135
9628
8159
6988
5954
9212
7094
3099
1764
3245
6109
4824
440
4726
3593
8806
2149
1992
391
2472
2579
4181
2469
1212
8602
6496
4448
8635
6953
6590
7663
7485
7083
7012
893
6432
8176
7191
9272
8344
5748
9883
7720
9389
5460
477
3000
3447
1245
1935
5978
1506
9267
6880
5946
1954
2743
4769
3629
6928
2853
1011
5085
9411
7237
5261
1134
4865
5757
527
3919
6389
5294
3059
8226
1906
5109
4967
6996
3642
7541
1046
3136
8824
9199
4582
1337
6580
9335
1074
9712
2698
5945
8702
5820
2364
1536
9063
7031
6406
6999
9680
6151
8953
5270
4870
5745
2090
4843
5209
9696
5955
9078
6298
9262
9071
3179
6624
5069
548
6409
4756
9165
300
9613
1552
3467
7585
686
5675
5436
9795
7705
1804
9664
3572
7145
1800
2773
1194
6340
535
9498
7953
6781
8568
6026
4724
331
274
1342
710
1112
5787
7956
2261
2478
4250
5888
423
5481
2897
874
1689
8776
4035
358
4080
3430
9473
3060
4700
8250
9874
3103
7246
1903
9579
9353
5194
3485
7135
381
943
110
5321
9989
8508
6117
9094
3853
8411
7475
5161
351
1335
6852
9715
3569
3042
6541
2986
4140
7764
16
3489
330
985
8871
3118
4849
7659
3375
960
508
3523
842
8993
5309
5420
6053
7007
3501
9972
7903
5767
1597
8959
7564
1566
9192
6563
9892
8630
2254
1438
1850
6375
1291
4778
1052
1881
5184
9796
2726
8294
6744
7695
5076
4583
6685
8318
8716
7984
8156
5542
2788
492
2764
6426
6111
8634
1738
437
7857
4491
3641
1883
6567
364
448
3679
2213
6915
4595
9137
9343
734
2092
9084
78
2354
2803
9223
1781
1156
5694
2676
3932
4410
8836
5738
9369
7697
2877
5111
3164
120
9538
8471
5711
552
9912
3007
5631
6654
86
7229
721
9158
550
1193
1578
3755
7147
4885
6943
1420
5791
4862
3985
9115
6172
8001
490
158
978
7162
3746
3827
5114
8896
5897
6218
7963
9822
2150
6900
6782
7032
829
7002
6855
8951
8163
5213
1063
5605
6179
2208
2703
1779
428
7940
5938
4866
7186
1003
9662
2013
1560
7446
2571
7148
5295
7557
7453
3816
8400
8383
3200
7385
4373
4511
1586
8102
6881
7525
3665
7766
480
5895
3736
1509
3057
974
1774
4221
6683
1396
6203
9654
2482
5857
1336
2587
7244
1271
8879
3535
42
3053
7945
1565
342
3861
2028
9054
9946
4
9464
3441
8454
6195
1709
9992
4579
1980
4350
2428
2308
9851
3948
5680
4648
4846
9986
1165
9930
3722
2880
2861
3111
241
2118
9413
9382
449
3300
6725
5385
8986
1037
5451
5054
1897
9605
9372
9904
817
498
8999
7664
783
2589
8876
3715
1913
5797
1614
7278
4856
4189
5579
3732
4430
2347
4258
3395
144
6711
908
3762
1114
236
7505
9487
2331
3720
2346
8288
2594
7164
1723
4994
9134
4290
3437
242
7921
998
6613
7943
6046
1687
5860
8206
5806
6076
6661
9886
4957
2060
8939
4818
2502
215
7725
5803
4695
9508
478
6720
6490
3648
4440
5660
2902
3904
9166
9306
955
6078
6779
9434
3680
8316
9264
6936
6317
3556
6417
7835
6568
8304
716
5311
703
6962
6503
6690
6452
9034
8273
2850
9981
137
3175
8435
2234
7039
7917
6372
5936
1162
5617
9025
3473
6991
9388
5837
3186
502
7587
3532
5177
3969
5239
3965
7394
9786
2554
104
2629
1946
3225
2854
3350
7066
930
9153
8562
890
5205
5193
4553
1997
8403
3027
6079
4370
2789
147
8128
7438
8538
5799
9685
8041
656
8827
3949
7461
8409
1381
1448
9426
1989
4791
2844
447
5304
6140
1921
9126
4744
3233
37
4924
2582
1426
8923
1049
6846
8566
3483
4667
5165
3852
6684
625
941
2778
3332
1531
4119
2786
5685
596
5033
6054
4986
8933
1606
2886
71
6818
5620
5446
9549
9517
9269
6544
6018
7575
1141
9543
729
3336
2791
3132
1241
295
302
4704
7205
1653
1865
4050
8669
25
3795
8171
4644
5563
9866
9018
1895
6723
5229
6194
3378
7340
2745
9342
8467
9635
6728
6257
1054
2620
4656
8918
2082
8479
7980
461
2389
6161
5036
366
4427
1500
2526
60
933
3938
9994
1110
8030
7668
9640
2982
2419
3895
5939
3192
6464
2983
9906
7731
7258
5034
3275
2470
8720
7458
839
1692
7929
1013
6228
6097
6145
2720
7506
4689
1626
1367
3345
2000
867
3310
7878
6216
6533
6706
5640
2103
5117
3764
7740
4785
7620
1849
7926
5556
4164
8972
8450
129
1431
2054
6774
7648
4301
7647
7883
8093
2420
7605
9470
6894
6672
1410
733
5921
4077
2486
9738
9232
7577
4328
9407
3533
9206
2180
9009
982
6772
1660
3038
4450
4920
6430
1379
2977
2618
769
3463
7052
5576
6156
8886
8940
8500
7858
8139
1086
707
6209
5160
103
3623
3549
1837
9631
816
6529
6848
3064
2097
6853
2779
4980
2460
6327
8683
1760
9287
1638
6542
433
6356
7588
2690
4991
1951
471
1925
5059
6753
5760
2207
7804
4230
3519
7288
3931
4330
3822
8515
8485
2334
8751
3705
4336
3364
4136
9619
1716
3482
3297
8689
6458
6893
192
4011
8594
2981
4021
1458
2617
4955
4598
424
9632
9075
5212
6147
3403
1757
8138
4568
5681
6141
3313
5245
5495
9778
240
7752
5517
8998
51
9608
680
2458
8804
6365
7499
9711
6253
652
2816
6373
5524
4590
1090
1014
8905
8338
4923
500
6129
8662
296
5022
9106
4637
3887
519
4064
6361
7688
3562
8571
7481
3418
8019
9029
8135
8937
3466
4500
4515
7006
3348
5923
6407
484
6260
9636
533
4802
4880
1254
801
8331
3926
5708
794
5750
8580
8618
6092
2249
5964
1238
5053
4203
1258
6871
4098
5701
7551
1065
8449
7516
8270
5180
525
7732
7206
4716
6822
5543
950
6968
7372
5455
9704
1696
2425
3539
3343
779
55
7166
4618
1574
1407
9308
1939
2019
1840
3292
3210
847
8740
1316
7864
7769
3464
8528
7746
6143
7730
4973
4135
4668
4049
814
6475
7762
9661
3738
2077
836
7195
8186
5840
7484
4286
6787
3419
3835
1044
6608
5598
5930
1603
4137
1213
8529
6861
715
2627
8143
1652
8731
7284
7531
143
5795
1244
5463
2682
4259
9756
5552
7656
465
8949
1588
7904
1497
7466
6743
4343
8576
5673
9586
6626
7056
9001
226
5442
7522
7051
1962
3961
3601
5831
5722
4376
1168
5487
421
6384
6747
3134
8349
3974
3774
916
7607
7932
3263
8890
1592
2167
7738
9
1611
4960
3320
7122
7641
9463
4942
170
7576
108
4893
512
2651
8126
6107
613
7011
450
2233
5458
8549
6906
5207
1175
4546
1091
1411
7221
7875
4432
4079
1853
2655
1802
5654
8002
5593
9055
1899
8000
7374
2271
3188
5884
7435
2590
4892
4559
4681
674
855
7075
9882
6757
115
4864
1159
6520
5189
2546
5441
1121
2165
3144
8700
2378
4585
1575
8476
746
3940
6797
4417
5646
9799
5984
3709
6419
989
9884
5662
6312
7759
799
5865
3097
1391
4833
5566
7860
3468
9505
95
2380
1633
1350
3404
2566
344
7586
9526
7986
554
7464
6792
8173
9281
8420
5900
1982
688
3104
1545
3596
6279
9057
3555
5217
3714
8847
5375
9345
8183
1932
3879
2820
1612
9836
4714
5670
6328
6246
3498
3015
4608
889
5197
231
558
7678
7305
6528
8263
1798
3500
5125
568
9497
6059
5733
4239
3724
9233
1741
1930
6319
1627
7915
7863
6954
379
5361
3288
3531
3385
8895
3721
5081
4324
1953
1957
7441
7264
6875
5077
2305
4952
4712
9427
2129
2666
5124
4987
9947
6086
7290
8644
7442
4354
9216
5226
8098
187
6729
2200
1268
253
1045
6275
9950
3758
7095
2374
837
435
7282
7250
186
3726
7724
2210
3637
6433
8058
6429
3591
9568
7880
2303
4469
1765
3612
9576
9183
3016
1481
7209
5783
9208
3692
3525
2178
873
5907
1098
2580
429
7709
8950
3812
4006
3137
2094
5018
1489
6997
1970
466
5746
5849
1280
3206
7456
6032
68
9555
697
3843
1289
4855
7612
7180
6154
6472
2831
9198
9705
8802
1382
2558
8637
7238
2045
1070
9449
7085
1564
8378
8045
9557
2320
5310
3972
4538
2536
9289
1789
3789
2344
7405
6484
6333
8503
885
7102
7109
2197
1383
9076
5404
5905
6277
2463
6703
6641
8248
6096
8370
1406
7803
3838
9116
2479
7084
4772
660
5432
2823
4015
9299
3768
7217
3554
8755
2343
8834
9437
6259
9365
7070
9275
2186
2727
9534
5635
9977
9832
7946
24
7542
1667
2214
6144
6231
8894
7961
4160
4719
8866
8333
6410
5764
2353
2532
7370
6139
8196
2967
1693
7349
7649
9026
3130
4989
8355
4460
9793
720
7937
8251
2807
6652
9277
7728
3379
3078
5285
3576
6037
9012
4167
7967
7339
6321
9848
4739
7281
8194
5588
5607
9477
1854
9374
2443
9718
5393
4282
1875
3957
823
3793
2159
26
4399
7038
8915
8699
9615
5236
2735
8395
4351
7544
1907
5564
6244
9160
5554
5273
4826
1922
1319
6420
2051
8074
1795
538
3608
9514
6764
5794
8586
6403
8523
1073
947
9541
8981
2018
6525
453
6847
3160
3405
923
210
1030
6836
2163
1462
2767
8213
514
7597
4710
7535
9097
4766
4176
5972
5046
517
1731
2251
4188
9752
3740
8339
2738
9252
254
3019
9105
4555
2370
6599
843
8256
5510
3035
2365
1027
3805
6132
2641
4038
7955
5568
7962
1222
2114
3367
4937
2351
5355
6336
9915
802
5776
8081
516
2505
4513
5275
6830
5357
3004
4519
2286
6844
6950
