3914
3038
1653
476
1776
1154
1996
1357
2902
1285
2095
3929
3965
2551
1610
511
3305
2577
3761
2744
3698
2615
1862
3197
1976
2166
2988
1953
3203
1539
2117
244
646
2083
481
1724
3595
2129
222
2583
3529
3828
1924
1007
3138
471
927
3061
606
3076
3327
2331
666
2813
1657
183
3011
338
448
1453
1613
2861
1973
2308
3500
377
3565
3950
3131
205
179
1209
1247
2395
1514
1551
1757
3814
3573
1650
1926
1865
228
1212
2789
75
412
1727
1748
329
1593
3880
3194
2599
2647
3858
3803
1346
1671
3615
1377
3497
981
3134
748
3401
73
600
2868
1490
339
2341
3785
342
3659
2727
2209
1303
2533
25
1312
2657
1582
1184
2277
2570
520
610
3183
580
1362
1298
3081
3079
3886
3310
1411
3685
2773
2424
1188
187
3648
3832
269
3862
3840
3260
857
1339
2147
2800
1642
2380
2154
2134
3478
2593
799
967
128
1571
85
3918
1327
2669
3515
854
532
2262
3663
1578
2539
1554
2718
209
1646
1287
1559
570
3024
1931
597
890
985
1338
1022
1830
2754
3679
906
3600
281
26
1488
2608
3037
1861
2644
277
2130
1300
359
1217
2995
275
3127
3135
808
1479
2326
1103
950
3321
2914
2767
972
1177
3025
836
3888
5
2909
2153
1088
2598
2267
3633
908
1992
3107
2923
3143
3650
3944
691
1493
2606
1325
2872
3885
1390
1403
2046
1871
839
2996
503
2752
1115
2158
2425
1875
391
1207
3145
197
2225
1819
2605
1577
3459
3234
223
1189
3713
1224
1462
1399
1147
2624
2659
3438
82
237
2402
1279
1863
2479
1869
1243
455
1482
802
3957
2190
2820
1477
3409
3218
1655
2954
3721
3443
1256
1057
822
8
1860
2358
3452
800
3045
1914
3065
457
3834
3922
2666
458
1603
1668
2970
299
1652
833
1785
913
733
270
2250
3708
502
3277
2290
1180
2922
3133
1204
707
165
2434
3655
3782
1792
2114
345
2231
3074
644
1164
2508
725
2279
3974
2478
1329
2169
3268
696
173
923
1965
1118
500
3829
2261
1096
2316
1950
1530
1405
3706
1091
3510
1713
525
885
3821
2488
2366
3190
3931
3404
2903
3296
2720
510
2602
3586
2514
558
2014
866
3707
2214
1018
2302
3961
3894
2781
2041
2360
1597
2436
2099
933
456
1380
1628
2373
568
1347
2103
1342
1371
683
2451
2684
2513
2476
434
3561
1909
2858
135
1701
1071
770
376
1870
337
2809
1343
3613
110
1055
3366
171
3799
1413
1805
107
2272
491
732
2278
3936
3795
1807
966
499
2916
3333
1254
1137
2726
2223
1515
2286
2486
16
1104
1105
2020
2193
3392
1680
2867
2568
3813
3617
182
2557
3611
3810
1148
3178
583
294
2241
3292
133
463
3969
1842
2294
2215
268
3419
1052
3070
3182
1083
1915
2165
1025
1572
1802
1839
744
2494
2617
1587
1244
2788
1881
2918
3978
3509
926
1521
186
7
3863
507
1562
2355
2953
2252
370
1355
709
3979
2392
97
518
3413
2246
3765
247
2066
741
2595
1919
3985
206
773
2163
2493
2080
1394
855
1034
3869
3276
364
2938
2125
814
3371
2017
3214
3072
411
1959
621
11
2347
1662
904
3280
3324
3343
304
3731
134
2690
2594
2340
1557
2639
2270
3272
478
2463
2955
196
571
213
1934
921
2328
803
2235
1172
1387
2512
3103
3095
1937
3119
3073
2007
896
1050
57
1125
1718
70
2823
1352
2052
740
1021
3641
1061
1891
1277
3492
3793
2232
1640
961
140
1334
318
350
3306
2271
2661
2264
1908
3932
3594
325
1684
2540
1824
34
127
3210
566
1637
95
3941
3670
1345
1235
675
1200
3290
2204
3330
1219
51
3102
129
948
142
882
1229
2944
2710
3958
2487
2116
1379
2934
3312
1933
1689
3547
1286
862
2634
2941
2653
2452
2501
3041
628
1414
613
1485
1446
1639
3874
3563
2244
323
418
1695
1073
3430
2543
1060
27
2475
3984
1596
1958
201
3144
2968
3983
3262
762
1127
1489
2385
2009
2184
2173
3164
574
3236
355
2607
2625
971
2398
18
3935
2737
1191
280
1898
214
3239
2411
3315
2750
106
219
3823
2325
1524
768
2230
3667
3501
1995
408
1121
968
3567
1466
2869
1531
838
1775
524
2755
1310
3636
2819
139
221
3693
859
986
1517
1031
1794
3288
3173
475
723
1294
3938
509
2611
994
3751
3012
685
3966
564
272
1259
48
3016
3525
3791
2511
3449
423
401
3098
3512
678
9
1623
2471
3593
3909
816
3583
3846
3990
1777
575
861
1192
2296
665
3943
3569
3642
2450
1925
2312
805
1261
695
1361
2768
3724
1321
2992
1938
2112
2660
3418
3837
2183
1126
1516
3087
2725
1817
3162
2801
2899
2929
2787
3597
677
557
1880
1056
3987
3146
379
2687
3341
2472
2455
2282
3091
2962
2910
1182
3066
3683
3441
198
83
1349
3553
2609
812
1905
1617
956
451
2010
3153
620
2047
2349
1198
914
1236
1936
1470
2999
3086
1693
2779
161
2337
2683
3610
3883
1420
516
863
235
3827
3437
1560
2322
3535
911
872
2715
2464
1616
1536
1249
2652
939
2782
1123
1964
2509
3207
2126
2148
2135
2980
3172
1734
3768
104
871
2627
1314
548
469
1002
3427
530
3507
544
1579
3582
2926
1163
2759
1624
2758
942
1290
3684
946
257
417
3905
1535
3926
672
2284
2061
535
3015
1900
3523
2933
2648
2454
3248
2856
3609
1092
2305
2907
58
2554
3719
917
3295
1746
2578
2254
328
3639
1496
2085
1636
3794
1631
3099
1040
137
1367
1828
1532
2460
3235
640
2438
2576
3568
3527
2437
3034
1248
845
2642
2003
1811
864
3893
3847
2686
3316
1468
194
1196
3916
308
2677
840
1756
112
1416
669
108
1644
427
843
2656
3790
2291
320
3481
2086
3302
3911
2729
1438
2121
3436
3833
3631
3386
3557
3354
1166
1814
3283
3186
1760
1143
1484
3876
195
1330
1308
3989
3253
1971
1082
3607
2156
3264
3576
3807
1820
3428
874
1764
3403
938
1698
2068
2060
3736
1688
147
69
903
3737
136
2142
1032
3479
1635
2062
1429
1495
3125
2248
3624
1595
3664
2591
763
832
3331
1282
1537
2345
2123
3682
3216
2431
3953
2280
3759
1223
547
1460
702
999
3660
2721
3396
3195
1843
2641
3532
372
2667
2705
1630
3063
2573
3378
2884
3857
217
1983
2078
2034
784
162
3223
1553
2469
2118
251
1273
144
842
2227
3388
2449
1742
1427
2930
3552
3763
1609
2182
3033
2912
3637
2873
10
122
2763
1923
1892
1373
3412
2747
2887
3780
2913
2315
2745
2091
1885
2432
3141
2891
2362
1473
254
2555
2500
2441
738
706
3390
1674
1435
2429
2816
1594
918
752
767
2379
2161
642
482
2448
1649
3942
3963
2566
428
1877
310
2
1614
312
1068
587
1633
2828
3021
2689
3112
2292
3851
2973
3384
2426
2228
1730
6
662
360
3831
1787
2401
2621
2843
652
3524
1566
3370
1868
2310
3188
1271
1409
2097
1991
1026
1705
3161
870
2664
2120
188
3618
3287
551
1918
216
3433
2200
2467
3746
2015
743
778
3971
1902
3715
1080
181
1988
562
3771
641
2682
1389
1234
788
315
1190
2574
2827
1402
1063
146
519
3158
1584
327
3977
2728
1728
3104
1302
2175
794
1211
80
3163
1954
3993
3342
3740
3043
806
123
809
273
3678
1565
1781
2276
2151
2102
1884
2051
856
2952
2240
2706
1970
735
3925
2636
3376
3634
2013
1682
736
637
1266
1837
2459
1638
3743
1942
1000
2613
265
218
1340
1850
3365
1206
2012
3246
1263
3023
1392
2846
2670
828
1450
1620
1835
443
211
3564
3939
3226
549
2537
3240
632
2288
1985
3537
3976
3545
2619
262
1281
1424
2673
1872
157
1415
1901
2724
1520
2281
1506
2361
335
1268
1907
943
3233
1678
1917
276
2462
3202
3311
2833
3734
224
341
527
1487
2932
1465
2713
1421
3221
72
1087
152
3201
2283
1008
2498
168
1856
1766
24
3129
19
631
3003
3075
138
1383
1378
1612
3903
2329
480
2984
158
2510
460
1540
297
3056
2127
1337
3651
2044
1946
2136
825
1011
1749
3031
1556
3954
2841
1500
1037
3117
278
3580
2521
663
2336
804
1795
2735
366
888
1960
2547
2905
3184
1660
3666
118
2795
240
2804
1053
3423
2635
1564
567
777
648
1768
1676
614
3008
2023
1033
3278
2461
543
1545
1567
1550
84
953
2777
650
1199
2210
2030
3460
1146
2167
2259
3228
1407
1957
879
160
2544
722
258
3385
2484
3988
3701
754
720
660
3002
2753
2911
2338
1047
199
1382
3420
2155
2257
234
1844
266
243
1712
3167
826
2410
539
2002
2067
459
3733
64
1138
1255
589
321
2900
2691
764
15
2342
2969
2948
1150
125
3848
1023
392
1293
2826
1831
2694
3577
827
1015
2886
1834
1867
3468
3669
1658
130
2137
3094
3114
1940
3517
901
435
3270
713
2778
1575
886
3394
2152
1131
3822
3140
232
263
3999
2935
2213
3704
3334
2205
382
2675
2876
3022
296
115
3179
2503
3462
2698
1043
3447
2649
3152
153
2351
1376
1350
3026
3816
1335
1736
936
1072
2391
3856
3697
1001
746
2489
2108
3106
2081
2629
447
3435
658
893
1005
3406
1401
3511
330
1549
1426
78
3591
3875
2785
776
2559
1228
3405
3475
844
2888
1230
698
331
2350
2444
203
1097
3313
2371
2263
1114
1077
2792
3588
354
3005
1694
260
1237
635
1132
1332
2919
3496
105
3474
3054
2553
2817
2022
3053
2569
3269
3800
984
1773
150
1977
319
810
791
3864
442
3448
965
3049
3877
177
1511
2405
807
1251
2699
2520
1591
1483
686
3196
2835
1155
541
2192
2797
834
1027
590
400
1136
2723
356
1101
3356
837
1858
1899
1457
2303
3040
3165
1789
1744
193
3052
1386
2054
2845
2393
2978
99
2947
2717
3878
2620
2229
1168
2798
3956
1449
3789
1543
3744
700
2610
2140
2582
326
577
2878
2535
1702
2497
1269
582
970
1242
2048
2233
715
3838
3485
1975
1174
1480
220
3308
3213
3307
2885
1873
233
1854
226
132
349
2805
2001
1779
1292
1141
1887
3574
2377
1201
2616
2928
990
624
1038
3466
542
3347
3572
3720
1849
3353
380
1626
552
1576
693
1341
2170
1434
618
3741
389
813
3338
3860
3018
2693
705
3170
2447
236
229
3853
1542
172
3620
996
1437
626
1120
204
3185
225
498
416
849
2309
3788
3739
3402
2879
3691
2732
2626
656
3824
2707
3355
2518
3454
2397
3229
403
3259
1720
2293
3453
3548
2765
3775
2356
3970
3558
2177
2029
883
3136
3286
2810
846
1894
3346
3279
3208
3699
795
3421
3431
2522
1187
311
3217
324
1589
3629
3416
3220
2268
3696
1895
1432
3157
831
1913
3753
2821
1654
3360
2499
608
605
450
116
2456
1692
1231
3630
67
3924
3020
529
114
2505
2317
1810
745
3149
2477
1241
2579
3293
79
1486
3796
3261
716
1619
1084
2515
1463
154
124
3778
2289
2211
30
3093
429
3337
2575
1874
3676
2529
3898
1548
2132
3986
2883
3919
2381
1270
1581
441
261
3445
466
347
1272
50
526
2359
2678
2344
1354
2339
3818
1205
1709
2378
521
2818
1250
2421
1491
346
2407
3345
102
630
2141
1972
3489
3980
1763
3722
1014
2786
1291
3281
1528
1161
760
1836
3756
3432
1747
3199
1452
3543
1651
2565
2908
1941
747
3254
1790
3621
796
3080
1046
113
3137
3434
2842
718
1074
647
3764
1523
3126
2000
897
3735
1240
3019
2966
2811
2106
3654
766
3738
1396
1156
3908
1782
1497
739
3727
2771
484
2251
2794
2202
1502
1440
2480
1423
2160
3619
3504
1703
3169
3555
2180
623
394
3508
3723
3680
3907
365
2094
3692
977
1778
1903
1100
2580
2864
3872
1622
230
550
930
576
3055
2545
1944
1853
3730
2234
3959
2122
1364
2026
2236
2633
1916
887
2186
3009
3372
556
2320
493
393
2764
1098
3377
684
1767
3116
673
1419
3166
3760
3806
1323
1042
2994
178
2892
1848
2011
1051
2105
317
1110
3289
1443
3519
947
3408
2348
1683
2668
2369
2851
2733
3198
3156
2295
66
2073
3323
2212
2637
801
1910
868
2523
3298
3422
2672
3661
2831
3058
3716
1265
1586
729
3657
2791
3209
1226
253
2382
1304
2307
1388
820
586
2021
2793
388
238
2526
1568
2269
143
3627
3192
3088
86
881
292
657
2998
779
2253
3530
3625
595
126
1368
300
2159
306
2419
1711
679
3653
3200
3006
969
2416
1075
1827
1570
615
3064
2874
2896
2035
975
3668
468
1393
3528
3160
2440
2332
2119
1135
307
2534
2408
1093
1183
3348
1855
2354
3792
2057
1833
3048
13
3849
1969
145
902
3845
1799
2643
3551
1134
1846
774
3772
2139
1841
397
395
2470
2364
1020
483
1686
2766
607
1783
1059
674
1876
2420
1710
1656
3483
2538
633
3339
3709
3538
1731
2174
3204
41
3518
241
750
284
1932
2413
2409
1648
3084
3859
3258
1384
2516
3450
76
3494
303
905
3444
1375
560
2028
1433
692
1715
2676
3322
3155
2943
955
1089
847
449
546
932
992
176
2237
2172
3825
286
3996
71
2077
421
2220
2376
3662
3881
505
3491
274
462
1675
3571
256
2524
3913
2203
2222
1288
2964
1886
1780
3635
1218
1267
978
1552
1076
1194
922
4
1009
1585
3560
1508
3781
3718
603
1160
634
2961
2958
3745
3132
496
3513
2960
1239
1124
3514
3867
2217
915
1704
358
1661
1509
2830
1920
402
1289
3222
1826
3275
1245
1647
2335
2860
1301
54
293
2915
1499
2150
2949
3711
1418
3817
1945
3897
1318
1016
3921
1592
2394
1139
659
3836
2597
781
3461
1459
156
2931
858
77
515
823
593
1144
91
363
2458
3375
2921
1784
1663
3540
995
1117
3520
920
1181
501
1030
1818
3242
2770
1442
1316
1896
1142
1602
3622
1723
2087
3960
3773
3284
2435
3317
1307
3605
940
3562
2187
3007
2847
3973
3219
2092
29
604
35
694
1044
3039
3336
699
1278
3440
1573
974
4000
1366
3643
3309
1999
1994
316
1948
23
3534
949
1643
2572
1108
3581
1029
3482
3230
1740
815
1927
3544
1739
3303
783
1013
3368
151
2974
2812
489
2760
689
3819
2814
1106
1275
1045
711
3357
3665
1262
878
1065
3769
1601
1
2906
3899
2006
3032
602
322
1069
433
1353
3732
1719
3243
1474
2306
708
419
1017
877
3687
2756
3891
289
89
334
1436
2495
1412
2157
3865
2837
3779
622
1741
983
3224
728
1081
2333
3359
655
1173
2700
290
1659
860
912
1669
1348
1751
1798
52
3930
2803
3904
361
785
3798
488
1441
721
1800
982
2541
1665
2714
385
3774
592
2313
997
2740
1299
1197
287
2734
2164
2128
3493
1629
2040
2730
3473
1305
3101
1208
2113
2527
759
853
717
2206
2050
1986
3467
1761
734
2946
2266
533
1717
2075
2274
3274
2775
1054
1232
2468
1691
33
1607
2301
93
789
3705
3852
121
2590
59
202
414
3364
56
2587
1598
3710
2772
2473
1935
3895
2208
2556
3896
3108
1526
2618
1395
3265
2927
534
1699
873
1672
2834
3215
934
1700
3350
2367
3471
993
2532
3933
2189
1974
1806
3658
353
2945
643
3113
2731
94
1417
1580
2145
3866
1365
3238
1645
2530
1193
2688
245
1605
3915
1165
259
2890
1203
1319
2084
367
461
1233
2124
2567
1897
3487
2109
1561
727
817
780
3890
1006
2838
3652
3998
1360
2612
1296
578
12
3566
1260
2058
1714
573
1673
3425
1793
1170
1921
2881
2181
2199
1461
3465
3879
2560
3962
2989
1478
3585
3674
536
1140
3176
891
2875
599
1546
2275
1670
2849
2748
3797
1889
1331
314
1929
2168
565
174
141
2695
3352
2076
1178
3344
2104
506
1930
2005
2089
3263
3256
1600
758
2388
957
2053
3291
111
2623
3111
1215
3584
3628
437
3017
3490
3531
1175
2646
1832
594
876
295
3175
2492
1690
21
751
2502
2950
264
291
2549
88
170
1116
852
1107
1179
895
1966
2895
761
3067
3677
811
2185
474
3044
3189
1851
2043
3062
3050
2504
3077
2839
2546
252
148
3649
3673
3645
2815
60
3516
2742
1213
3266
440
3486
900
1425
3884
1666
390
3892
3320
3060
2712
2430
2741
3294
1590
384
3051
639
3889
2063
425
793
3059
1708
2100
1455
3815
1852
3946
3241
2654
3614
1220
1797
3191
2069
452
246
1167
2265
1176
962
1791
3042
453
3488
649
2247
944
726
2482
2600
3393
2321
415
690
283
1019
937
1119
2176
32
3644
531
39
3326
3686
1012
1993
1979
1306
3120
3992
2889
1722
255
3861
1823
2370
3755
409
989
465
875
3001
3096
701
1990
3805
87
584
2131
42
2982
375
2997
1430
3747
3640
2238
3318
2201
680
1227
3211
1721
3130
2496
3587
3522
3994
619
3802
2596
1475
3656
3299
3991
572
3480
2736
3602
3455
867
710
2739
1696
2256
523
2327
3174
473
420
819
45
479
2603
2490
2387
1324
169
980
1956
242
2260
1838
517
410
790
3361
1422
3410
1829
3542
3205
987
2111
2562
2586
2702
3725
1786
3340
3809
1866
1681
1221
1621
109
3476
3247
2548
3835
3726
208
731
3110
3124
3237
2942
3285
1186
894
2679
3078
1102
2414
757
92
3947
2979
2806
2825
2971
2162
1951
1328
3776
3910
3906
3304
2904
55
31
2415
3373
2743
2975
2483
2628
3752
2016
486
1664
1890
3014
332
1428
36
2761
3383
1472
742
3417
3154
1151
3599
2422
2389
2506
3972
1534
2146
49
1980
2446
1280
3358
3742
2638
898
3870
3139
2042
2631
1454
1738
250
3912
3013
2871
2870
2474
2056
3717
175
1984
941
2877
1456
1295
1464
3115
2065
1145
1458
3554
1788
3328
2776
3456
1634
559
979
2110
1632
1733
829
1471
1359
3902
3951
22
2829
2822
627
2722
249
472
2144
301
2027
3122
2857
2550
2751
101
387
2894
3578
2985
1770
1258
3787
3536
1058
1745
596
3882
282
271
2552
2196
3671
2796
1086
430
189
929
285
3150
3603
279
399
924
851
2581
1064
916
3469
2149
3592
1947
1522
1216
398
3379
2564
2466
3426
1574
3142
3245
1729
3395
508
1274
96
3754
2697
3750
191
2107
899
954
1225
2055
2179
3728
444
167
373
537
2372
490
3841
2025
661
3854
3850
830
512
2070
1611
1845
3257
2445
3181
2880
2219
3964
3398
3873
2245
1519
2297
1685
625
3997
2808
850
3695
1070
2485
1735
3927
2977
991
1922
2696
2404
749
2859
1214
1048
1358
2334
1906
824
3212
1765
2852
1374
2453
2685
2976
3839
2719
3319
2032
1754
1481
3335
724
1159
1533
74
3786
3559
2036
1725
38
910
3589
239
2399
2850
963
3579
775
2093
2645
835
3632
1476
494
2990
3626
2207
3646
1667
3647
1431
753
1583
1010
2862
3030
1049
492
2064
3227
470
3546
3590
2840
1813
1320
3758
1808
1904
3069
1356
3945
3688
1169
3757
2457
2655
1755
3982
522
90
467
2957
407
3826
3071
3225
880
1859
792
3092
2374
3464
1815
1961
892
3968
1257
426
3231
2039
2671
1309
617
2346
2956
2853
1397
2318
2090
1981
3783
1928
3271
988
2443
1939
3159
952
2082
47
149
3502
514
3381
3128
3399
2936
3820
185
609
2780
2965
2101
3499
2592
3702
1036
664
1028
1202
1444
1326
2491
2195
2680
3089
100
1762
3694
2601
1451
3638
3934
2287
3498
3503
3046
192
2959
422
1066
1518
960
3397
2171
688
2433
1857
2865
1955
2079
3121
1809
1527
2614
1879
210
2993
2783
2986
3703
1370
383
2663
1210
3249
848
3252
3407
1771
3000
2314
3672
2925
2071
654
2711
424
119
2072
3400
180
2749
1317
719
1758
305
1608
2143
1679
2651
2824
14
1410
1385
454
2987
1492
227
1512
3470
2024
2439
3689
1085
3180
1253
3
1847
405
2790
3681
931
2640
3575
2807
1753
1759
3171
1911
1796
1157
348
959
2981
2384
2038
302
1111
797
3900
3148
3608
730
131
2769
3887
166
3472
3177
62
464
3206
2304
528
585
65
3811
2832
588
3729
919
2197
1400
2917
3463
909
3351
611
616
1246
569
1467
37
3349
1062
3868
2418
3606
1563
2588
1978
3871
81
3844
3083
2939
2311
3556
1812
2536
1864
3521
2604
1772
798
687
3505
3439
1599
3363
431
2018
2774
2403
1774
3767
2674
2059
2324
1090
3784
3028
1997
3451
439
1769
17
340
1541
362
964
3623
3995
2692
3414
368
2893
2033
1363
1569
555
1408
601
1952
2396
2937
2031
2630
164
3570
2221
1968
1372
1801
1109
1297
2255
925
2863
2285
1706
378
2239
714
3541
769
1406
2784
3477
1149
2746
432
1498
1252
3749
2898
2920
3027
1998
1943
581
477
3601
1962
3596
2481
2531
3549
2037
2658
1555
504
3187
248
63
3036
3382
68
1222
3712
1606
267
1351
1967
436
352
406
28
98
2940
1510
2836
1162
1128
3193
561
2716
3411
1067
1544
889
374
2224
3282
2045
1494
3937
598
2258
1525
2799
3367
2897
3424
333
3526
396
163
958
3100
653
1276
2665
2854
1982
2882
2507
2762
3550
1079
3147
2571
1344
1503
2004
1130
2584
3920
2198
2701
3297
3901
1840
1618
1185
2901
907
3842
945
1381
2299
668
357
2632
2300
1398
3068
497
765
2194
495
3010
155
2352
2542
2519
3168
3105
2323
2709
2662
2561
351
1716
120
2133
2088
1112
2866
645
704
3273
3250
1507
3952
1336
288
2383
446
591
755
1469
612
1283
1448
3232
1893
2363
3380
2049
298
3801
3675
2115
1825
2622
671
1171
2991
1391
2406
1078
2844
2319
1041
2802
670
369
344
3267
3830
3391
61
3255
1987
1513
2098
3955
2428
638
2365
3314
2517
2963
703
212
309
636
1822
1099
1153
3442
3047
1504
2178
3843
1439
1625
2375
869
3967
1505
3533
1035
1687
1912
1641
2138
3458
1315
184
2650
3770
2589
2368
3109
3981
1697
1264
3949
579
3085
1039
1627
2423
3484
46
3598
676
1094
951
682
2465
538
1024
2019
1726
1888
3690
2412
3123
3329
487
3090
1122
1803
3495
884
1369
782
3762
1195
2249
1737
2951
2924
3766
3429
998
2417
1129
3948
413
681
2188
200
3975
1313
2848
2681
2972
1152
2216
2353
821
841
3928
3506
2273
190
1004
756
3748
1821
563
3389
20
1750
3118
2330
1816
3325
928
2298
485
3917
1547
386
3029
1538
1878
2855
935
2390
1558
3362
3057
2558
976
1333
1883
2983
1949
1311
772
3457
3374
3244
1445
3855
1447
3940
40
2442
3804
787
215
2226
2427
3616
2242
3700
865
1989
2738
3082
2757
1588
2343
2243
2704
553
3301
1752
53
1882
2703
3300
3097
1095
43
818
1003
336
1322
540
651
103
554
3812
973
1284
2563
629
44
3808
313
117
1804
1677
3923
1743
1529
1963
1615
3777
771
3151
343
667
2708
712
3446
371
2528
3332
3612
404
2400
381
2074
3035
3415
3604
1133
2525
3251
1732
1501
786
2967
231
2218
737
1238
2357
445
1113
438
1707
1158
2008
3004
1404
697
3539
3369
2096
2191
3387
545
513
3714
1604
159
207
2386
2585
