3566
1041
1877
4311
380
2473
2764
1580
3138
930
923
3912
4113
406
3293
2939
319
1949
1181
2703
1933
3160
4325
5291
3601
2706
5892
1716
4174
1631
5261
4803
1892
925
4752
839
5058
3356
4776
1948
1320
4632
1652
4054
3712
4766
4342
5161
3451
4287
1093
3607
1883
2148
211
3770
4564
2633
744
895
1011
945
4042
3643
3261
3365
4242
1730
3536
901
953
4375
2758
1817
605
588
1548
5188
4812
3051
1010
4263
2516
2701
5429
5748
5758
5795
2644
5079
5071
942
4653
4987
2744
2861
5715
5154
2711
2572
1873
3650
1235
5922
4230
4067
2455
2387
1296
5440
5333
4580
2074
3376
3733
1228
4267
5224
4029
5420
2597
5638
594
3637
504
3602
5051
1033
1374
5593
847
5191
4808
2197
5240
2386
560
2695
5436
5974
1123
2153
1086
1074
4405
4671
4102
454
4331
284
5008
2200
1577
51
2397
2215
5038
433
330
2208
2657
1179
5544
4322
956
3043
693
1543
2225
2497
2019
2046
3162
2984
2434
3855
3242
4893
2656
4149
5239
4188
4276
3591
3622
5418
600
5561
2479
591
4841
3503
4439
3930
2070
3307
2301
4932
3011
4816
2747
1922
569
381
2236
2924
2684
1820
5403
1863
3932
4255
4105
4176
4035
1698
2970
2799
656
613
3204
5968
4308
4728
5585
5280
1954
2187
5559
4143
3442
336
2126
652
3626
4863
5513
4582
1608
5656
3987
5309
1136
799
3556
5077
5965
2260
3239
2117
3189
290
437
70
3862
4337
2180
5367
5407
3630
392
277
2429
4615
4614
1037
4800
1637
5372
1150
2948
3263
3209
2786
52
3230
3303
3368
4529
845
3674
2348
1917
2090
2944
865
5571
5937
5336
5111
5206
4407
2199
1594
304
1045
1866
3996
3180
3974
3925
837
877
580
2383
5565
3120
5150
4172
222
782
2827
1490
5115
132
5749
531
4008
3679
1928
1441
1356
5537
10
4012
4370
2345
2622
3201
4789
119
1417
5293
3948
1955
5331
1172
2229
3447
4605
4264
4036
2976
1092
4237
1839
207
4152
2664
2410
5839
1155
3590
4194
709
1425
614
552
1156
2171
5380
5870
3545
4502
5228
2109
1570
125
2769
5606
180
5193
5095
2542
596
1958
544
2113
3631
541
4077
5615
4782
3022
1705
5949
2874
2352
2111
50
5856
3664
1759
2211
516
1280
3266
3144
2763
1974
5070
3146
3708
4385
2186
2244
3429
5707
3548
769
5457
3798
840
186
5944
684
1950
3815
1975
3471
860
69
3860
4955
1834
3050
4676
4695
2841
3797
4903
321
2722
843
1364
4852
3406
1501
297
5203
3747
1495
1099
57
5121
723
5646
3933
627
5254
2935
1194
1998
3427
4010
322
1052
422
2257
1557
396
5275
677
120
1135
5861
2554
4943
2281
1444
4979
4218
3673
2738
5993
1191
3526
4765
3225
4981
428
4613
3825
2668
5267
5082
5365
4538
1240
2150
2125
1861
1538
3126
1983
4467
5020
366
2172
5397
4211
2173
4160
1999
1806
421
672
3514
673
842
206
3993
3990
4479
5967
1254
4009
4984
1607
790
1242
1897
4446
4030
3600
4600
1640
714
275
951
5001
3198
2161
4895
3458
71
2637
5510
4510
812
1731
3927
3835
4475
1604
3671
4333
4616
5735
1600
4959
3848
4163
444
218
1717
5858
1197
5419
2087
2223
5269
676
3839
5057
5227
3812
3560
3132
1068
3117
1241
1801
5011
2576
4004
4390
4452
4940
1314
857
2821
5906
3059
4034
542
1216
2903
1461
4603
3958
3251
384
5636
1331
79
1346
4790
4266
3659
5412
3493
938
3744
4778
3759
5725
4114
4566
2156
2820
4451
5099
830
1189
3761
1454
2712
2713
2303
1084
5131
1384
4362
3031
1676
775
2685
3517
2839
2157
4913
3343
2239
974
5877
262
2545
854
2561
5721
2887
2933
3210
2001
3364
2870
4217
2981
532
5661
5941
457
4140
4494
1720
4284
2534
3524
4210
5600
5194
3957
768
3557
1237
5952
820
1085
4725
3413
2116
1665
3816
161
5135
5176
737
2793
3010
3528
736
3646
4672
341
5754
1285
4285
1328
3023
2343
1178
5317
2162
424
4651
1146
1510
1663
1261
2908
1629
4889
2265
1140
5649
2164
3583
2520
3148
966
199
2609
3808
3666
739
3571
5218
2519
2160
1429
5696
1987
1562
5699
2226
2183
4145
3781
5897
4301
164
2057
2544
3262
2539
4855
2486
1878
4144
1478
5219
1438
3057
3025
1213
5182
3135
5539
2337
4757
38
2058
4418
4693
946
4086
1199
1762
1811
5243
5306
3416
1324
3339
4683
2651
1002
2784
1170
5075
4973
5634
4647
5631
1700
4461
3782
5859
5087
4015
2077
4181
1448
5364
5196
659
3768
2766
5714
4618
2620
3838
1662
236
2584
213
1621
2350
1824
1256
5762
5101
5047
3865
3158
5752
4137
1445
5807
5156
5018
808
648
5785
3123
3464
5679
1963
1760
1835
461
5113
118
4236
2222
967
2975
1964
4157
4915
5339
314
1907
2674
5809
1360
62
1732
1843
2876
2817
4158
103
2284
4993
2155
5098
645
5972
940
5637
1131
2140
5166
2756
3553
4499
1742
3113
4508
90
1423
289
3645
5480
1673
2076
748
4946
4908
2549
4167
5934
486
3771
1683
2045
4356
2221
4472
3822
4764
5496
2546
4460
231
3115
5200
3494
4231
3487
5273
1138
660
4514
3182
4471
1218
3409
5492
3550
2819
450
5229
828
5666
2099
5491
2262
2110
2459
710
5580
704
4871
4924
3351
1578
5716
1849
2214
802
4939
3083
690
5482
3661
1127
4178
959
1004
1912
3873
2504
5512
4037
1270
5996
1391
1867
3970
3615
5534
3649
3231
1792
5904
1701
2219
1504
1075
2568
1532
2071
2308
2364
31
150
1828
1031
4449
3443
1702
1277
2481
4738
5415
2324
149
5643
2528
529
1357
60
16
1585
2892
1857
2124
3688
4321
2619
3662
5128
5983
5650
2338
2707
2334
535
387
3102
5216
3773
3561
4762
2366
2457
5895
2206
5991
1868
374
4377
286
2667
896
1058
4596
2435
832
5500
3321
4142
5252
5514
1456
539
2717
5283
806
5866
1693
3481
2593
2859
3456
5294
5753
2837
2636
5328
487
349
4332
4002
4428
92
3587
3634
4678
1159
1239
1804
1710
5102
5277
578
666
4847
4810
1164
2462
1147
1383
81
5966
786
5581
562
3045
3159
1134
2872
12
2050
1044
4684
2300
3165
1302
154
3270
5831
2444
3296
5608
5834
2873
5645
882
922
4444
74
5751
5774
4674
1946
2279
4168
2073
2508
5289
2635
2946
3516
5478
3776
5665
1567
2370
1809
2828
411
4214
5779
302
4975
621
2381
5199
3223
3960
475
5948
131
3779
2201
365
2898
915
1691
5794
907
859
3903
209
5274
4670
1847
2469
4011
1584
5442
1460
1219
1304
1514
1546
527
3878
3335
4088
4430
5260
5475
3104
3333
5685
5409
95
988
3857
3439
377
1125
5042
348
2726
638
5123
27
4585
2372
753
1588
525
5335
597
3889
2004
4072
4516
554
2323
935
359
4496
4586
1226
4112
987
395
1217
558
5178
5806
3780
5717
3044
4286
1524
3403
3060
2379
1838
1800
3588
1650
4858
3174
1571
4000
3943
4522
5599
5994
4880
4933
3326
169
1397
1013
2182
2666
1661
2392
145
5930
2210
5238
4699
5820
2611
5463
1175
4892
5157
598
2496
3108
2912
5014
2427
1051
3474
2752
361
2901
2613
4046
3551
5302
1225
2849
2418
3488
3785
3065
3278
4480
4623
1893
5963
2174
1115
5334
5406
4206
742
3005
687
5361
2900
2146
4273
2755
4458
5889
4070
3259
1943
61
4760
3603
894
4663
3224
5170
3014
1952
3491
5823
3936
1340
5992
4617
4727
3609
4427
4179
2686
3154
4045
954
1017
3232
4125
3811
265
4312
2025
1193
4948
3374
3532
5711
2439
2894
4531
3015
363
3950
1073
1783
5173
268
928
1337
3998
1740
705
2149
4620
1903
4990
2959
2316
2485
59
1714
2998
620
5743
5999
4065
1350
1747
5773
5878
2978
3203
5285
4290
5516
5255
3881
1914
5542
204
773
5931
2089
5802
2005
4644
44
1816
4204
576
5798
1015
1601
3505
761
2853
3404
5214
3537
5039
2856
5379
5223
1694
257
3218
1424
4702
5279
1190
781
4369
5737
5165
2917
4438
1712
5257
4169
4925
1722
5398
445
5501
2575
949
18
1688
1910
5673
3445
2083
5875
5625
1894
5207
1113
4813
429
5970
5796
1744
2930
2973
1114
4005
4165
1244
1862
489
4187
4665
3924
3713
1729
5447
2278
1590
3879
2883
5611
5019
1871
2054
4349
5108
4983
1206
3593
1238
5605
4393
1468
619
2835
2957
4599
1070
2231
2532
798
192
4609
2100
2438
1953
4388
543
3052
19
3764
5984
1298
259
233
4947
4203
4960
3639
5782
1531
3100
181
3966
2773
1000
4686
3843
3366
3073
5880
675
4989
653
4831
481
3983
4324
3370
1400
5629
3217
1659
1081
4791
1405
5979
4447
1447
1450
5430
4058
2013
5886
4099
1258
3302
1388
2336
5558
985
2332
194
3884
474
4681
4901
1344
1367
5596
2881
2163
3853
754
4536
4518
3006
1318
400
943
5985
5837
1814
3473
2253
1962
1363
5351
3647
4186
4569
4543
2476
4528
1921
1599
3756
5729
5461
5651
3510
3999
1846
3501
4373
2920
1275
2347
800
571
1485
2227
5343
344
1358
147
3130
2466
957
5299
4074
823
4885
5184
3726
875
3200
914
2310
5119
1022
2007
1201
343
4355
4756
4346
4542
5819
540
2494
4047
1827
1221
1349
3346
5433
2974
5783
968
5300
3890
3653
3192
3929
4846
683
610
5250
4548
3651
3512
1519
5421
4118
3265
3880
565
1440
1177
1758
5816
5307
417
1310
1465
3397
2322
3172
4631
1260
2754
4486
2951
608
5104
5812
1808
3792
1593
2710
5553
2119
908
5777
2527
3628
1505
2682
5062
5065
874
4590
5718
886
2189
3751
2794
115
2498
1230
2647
4151
2447
3338
5917
3056
2941
5664
2251
2165
1486
4059
1402
1339
292
4025
4991
1293
5296
285
1497
3301
5195
5497
2531
5628
5303
3272
123
3308
414
2952
5477
2285
5575
3289
5401
512
225
5923
3290
4402
3694
2147
4219
2775
5073
5040
2399
5576
3090
2373
4906
4952
1718
1618
4769
2964
159
165
230
5091
2135
5202
4612
1951
5097
717
5396
2604
2649
816
404
4313
2414
2654
4197
242
53
2564
3963
310
4262
106
5750
1106
1341
5595
5327
5929
1345
3390
3920
1267
2720
229
4911
264
1418
1208
767
5768
2996
4997
2931
4017
3894
2115
5424
3176
4832
1268
4309
2529
1956
2416
1335
3758
4357
4408
1163
4523
3145
5346
1813
5249
5311
2009
104
1453
3450
263
5678
5125
3354
5186
1826
2086
84
1766
3951
1896
5838
2985
3856
5602
1338
5262
3268
5770
281
5204
107
1696
2673
4641
5234
1119
1934
4251
1295
879
5771
5668
1157
3013
4075
5028
3282
4296
5844
5093
2137
1518
983
3902
3954
2662
5841
45
2680
1978
4595
1016
2196
4272
3727
464
668
5295
2989
4783
1082
5617
4721
4243
1947
4682
1568
245
5786
1104
2805
5439
2093
1782
3460
3496
472
5863
1196
4501
3775
2718
1209
4367
5973
2484
1860
1477
2256
5069
4350
4677
2283
1437
1494
1184
3377
4153
3206
2687
1195
2217
4410
4949
2123
2374
353
5264
3247
2665
5915
2232
1997
774
1361
1807
3455
4619
3660
3157
4364
4090
4268
3578
3373
910
1248
3896
1120
3467
2719
5437
3440
1152
1294
4436
4422
5728
4171
1632
1069
1158
3641
4016
3063
658
5871
3151
2832
1198
5163
1672
4139
3480
261
476
4425
2641
4195
3905
5383
3595
1507
2436
3800
2696
3103
2261
671
5977
991
5313
4694
5029
3871
1945
1500
135
2601
5627
3576
4464
4228
2934
3826
1685
1462
1407
3137
3766
2968
5524
5891
496
2639
1160
5738
518
1289
2417
4964
570
179
3834
575
3020
5890
3606
1381
4714
1880
484
5713
382
3053
3142
4232
5180
3944
1406
1574
863
2340
2247
2699
778
829
5905
3783
5567
446
2275
3099
1153
2092
2255
3886
1144
1986
4587
5689
5230
1396
3931
2393
2344
3725
4930
376
805
4023
2705
4051
37
3245
3720
3511
934
1005
4746
738
2929
96
4836
5526
2141
1918
5116
3399
4724
4489
2483
4245
2627
5338
5459
4969
1094
24
105
5855
3388
316
1682
2689
4976
2536
4539
4657
1129
2305
3358
441
1327
4821
4625
5129
3738
5431
3279
2949
2621
916
4291
2965
5387
2990
5893
5237
110
2791
2886
818
4326
1818
1627
4696
2245
4867
176
2863
3424
4534
731
2357
4530
5151
2550
2732
1336
4650
5829
5258
5790
1188
2003
2838
3629
2992
623
3292
276
1098
3341
3007
3101
2194
191
4335
1991
459
412
1566
4433
3475
3982
146
8
757
4951
4557
3598
203
4819
2425
112
1276
2582
3892
918
5706
4513
3190
255
3805
137
1915
415
4085
3616
2276
4150
129
4032
250
5107
1062
3058
2565
4881
3757
2433
2736
1901
2167
2067
4887
1678
3538
2708
555
5132
4541
5525
2313
2813
5920
5586
2051
856
5158
5373
3575
1646
2843
3680
4551
1875
4726
4294
4648
2396
626
41
2867
1990
4758
2482
5887
4222
3715
5658
725
3769
1973
3847
4660
4916
3941
244
4389
2133
2733
964
3788
5959
939
1403
4344
3677
3841
980
1266
2017
3973
1343
3121
5953
4556
1666
2857
4257
873
3521
5690
2983
1781
572
990
517
240
2107
2612
5508
664
2212
4182
266
3502
1281
34
674
1564
295
1576
5885
3959
3754
4254
5997
4097
3570
4532
3692
4668
2016
1487
5776
5764
1582
4111
5479
622
1681
1796
503
5085
156
117
4382
2936
893
3804
3732
58
5860
4110
1869
3111
4019
4352
2002
2560
4958
5030
795
405
3000
3500
3062
4736
3071
1043
2277
63
347
5899
5078
2958
1279
5043
2648
2038
4062
4233
3562
4318
1449
1944
1393
1126
3187
3897
4478
1050
1483
3077
1269
4024
5290
3830
5502
4643
4835
327
1169
2548
5416
1083
582
4999
4033
5597
5130
3369
3254
5155
3525
1844
1111
2441
3656
4050
1680
3836
1257
1464
1003
1645
2730
5441
5282
4781
409
777
5813
1642
5747
2591
1059
440
2027
1553
5654
909
4404
1967
4248
153
3752
2596
1143
5248
1992
5066
1161
2291
2177
1753
1993
2937
3048
4870
4239
5402
352
4704
2463
2228
2120
511
3635
2547
1603
986
5873
1054
3670
3330
3946
4559
1362
1771
4935
1482
1602
1203
2643
3877
5603
5179
1996
5756
1686
1638
508
4363
841
3331
4076
2000
2317
2905
1728
3134
3829
3133
2454
5127
171
2395
3421
4515
5320
4208
2224
2731
1087
3586
4720
4437
5360
1979
2312
2955
4974
2185
1317
1457
1333
1174
5688
2289
3683
2988
1427
5444
5449
3748
3991
912
5902
866
1385
1409
1794
2465
1365
1263
5540
4476
1970
3898
4820
5411
963
2844
3584
657
1938
5374
3452
1049
5901
1780
669
3921
1752
2355
2734
5109
1789
5867
5106
4716
3906
751
2
2590
1735
4292
1271
4491
4198
611
3947
407
2295
5609
237
3577
3750
1858
2840
3349
2358
1458
4078
3185
3552
5312
3964
5681
1765
4988
919
5833
1745
699
3112
2292
2448
488
1496
166
2540
651
5632
4786
3667
1919
4215
2288
3152
5928
4488
288
3092
4723
2573
635
4794
1141
4006
2354
3196
5175
4834
2401
2502
5732
2267
312
3392
4061
5730
631
4589
226
523
2928
3412
2569
2464
2105
3513
29
4506
550
185
2922
5980
4926
3061
4269
1323
2191
1651
762
3105
3490
5004
2866
1306
1471
4715
497
473
625
1552
604
2468
3997
5413
1802
2446
371
4842
1380
3068
2906
4845
5556
1278
3657
835
311
3777
603
3787
271
4744
2507
3461
3763
4038
2877
4277
1299
5799
4007
1076
5918
1484
3497
4270
2270
326
855
5947
2176
4828
4661
251
1778
5684
764
299
929
2302
2815
4811
3534
4435
5995
703
1247
4378
5792
483
1805
80
5486
3972
721
1185
2096
3070
5241
5341
3519
4977
5393
3874
2511
3257
2271
490
5913
1723
3735
355
4787
3312
307
3271
3743
885
1265
1748
1288
1653
2432
4814
4055
3518
3283
4469
2492
369
4638
4602
3340
4481
1836
2746
1913
5614
998
1475
2307
3828
4120
3258
793
5518
5589
797
3170
5465
741
2921
3136
1133
4359
477
1359
2203
3827
3407
2237
5620
5145
5546
1282
2474
3267
3128
4753
5975
4505
5613
3260
1187
5213
4747
5726
1212
313
1377
15
3156
3169
500
1823
2248
4302
4577
5460
3883
3542
1855
4107
1616
1592
5817
2139
386
4336
5700
2522
317
746
4170
1551
1540
984
2533
3295
3155
1428
3655
4252
3423
1579
521
2956
148
1885
5692
5849
2851
1850
246
4519
127
1788
4323
4679
49
3178
478
5013
4604
3891
220
4261
1721
471
152
5652
3026
4159
4994
5212
2607
4221
4547
1774
5181
698
3205
4391
2618
524
5695
4980
3765
54
1929
3746
3608
210
3448
2916
2144
2600
5624
4886
719
646
4431
3038
5680
2500
1063
2311
3652
5086
2456
5451
5055
3953
2424
5455
4411
2218
3477
2871
1939
1008
5452
4918
3119
5105
5484
39
2442
402
740
3888
697
1283
1936
4330
3337
163
1321
1105
641
5428
536
1769
5582
1931
3347
3294
2129
5251
4722
5342
785
3706
4920
4161
362
5981
4440
1549
3252
4207
2451
3344
3918
5453
5344
5881
1215
2991
4117
5814
2658
5788
3067
5954
5702
4942
2085
3311
4923
3183
4691
5687
25
1100
2521
5149
2056
3097
1039
592
5765
4970
3851
1499
1272
3721
1832
836
1829
3740
2628
5951
2945
4202
4560
5671
4060
794
345
4119
4315
868
1469
3153
2670
3188
5337
1715
3579
1743
5511
3801
4745
3604
5521
5842
2406
221
3703
3028
2855
2822
1503
173
5391
5371
2296
4593
1654
501
308
1689
585
2408
3315
4890
227
4517
4041
724
3229
4664
5088
4229
5956
1202
5761
5385
1014
43
5780
821
3250
3110
1042
3675
2562
1612
4416
3508
5660
1165
3794
881
462
4706
1611
2437
1898
727
749
1647
853
5147
3463
3139
2121
3614
3821
538
3415
545
1527
1544
4103
4403
5644
1521
4833
3419
4497
4874
3075
1480
88
5506
5242
3940
4732
5141
3803
2679
2266
5926
2378
3717
533
1895
2625
5136
4927
2517
899
2042
1595
2028
4763
5049
3234
3546
4579
5046
1474
267
1103
817
4066
121
300
4535
1060
3840
2049
3168
3078
3317
5329
3869
167
3802
960
5805
5709
4063
3012
4459
2259
249
1451
1687
4279
5265
3684
1625
1047
3237
1891
3861
2250
2809
825
1307
5345
1090
4891
5033
831
2603
4957
869
5879
1535
1224
3147
3887
5720
663
3037
5456
3478
3681
1162
5205
3531
3195
196
2318
397
3163
1080
1088
3618
1563
3969
1223
809
789
1231
2693
2781
3568
1985
2556
5846
1556
3544
2740
1509
4718
1472
2700
1142
260
1626
4343
4040
5395
4567
1122
4919
5623
2823
4432
1061
4739
3711
4275
4854
1708
3008
1690
5538
3236
1433
4454
850
2803
2078
128
5876
1399
5235
2246
5657
5588
3632
5591
188
4995
5245
3952
4931
5547
779
370
3039
2037
2097
5811
4583
2039
1848
3965
584
2036
4020
3911
2407
3186
2264
870
1989
1446
546
3238
1055
4844
5134
920
5674
2032
5286
756
1001
1354
3470
6
4779
2771
5117
4183
5268
4879
4414
94
2403
5350
1476
3547
5868
589
4154
4963
505
3140
2578
2394
2980
2739
4521
2880
5672
1273
4509
85
2420
3319
4283
3937
1754
5894
2640
1713
1930
5741
4209
3895
5292
4450
5210
3202
1025
5022
1493
5727
3620
4068
4597
3926
2728
4365
3917
5755
4709
3391
5427
3543
2890
1853
2599
2122
5015
3030
4849
235
4492
3072
4226
1641
1980
4421
1379
4053
2757
4353
3723
3640
5133
1227
5909
306
4839
2195
315
1536
1643
3428
3149
1711
4022
2391
1703
2583
2632
3842
1706
1173
5348
3380
5068
5969
3314
3907
969
2242
4761
2617
2608
4655
2829
2234
3049
3472
390
3678
4630
1761
2865
1908
3286
5081
5940
4578
4608
3107
425
2138
4982
4351
5423
1545
4917
4807
2524
3036
1534
2567
33
5853
4434
1785
4729
3342
3955
4750
5366
1529
5272
4190
5733
3784
3089
5225
815
1481
3280
3228
973
759
5883
4701
4861
4400
2506
3173
1071
5222
1882
3795
4280
1589
4802
114
3762
42
4162
5174
5032
1935
2233
2690
5126
133
3572
76
3454
5139
2776
630
1684
4258
5048
3033
4080
1749
1569
5535
4549
3329
283
2220
1148
5509
5563
4688
2742
5167
5096
2797
5138
4379
5352
3870
4126
1072
5310
5050
86
766
2388
2040
3306
1617
5572
2249
559
3541
4848
3734
2297
1726
5564
1622
4883
599
5359
5810
5648
2852
468
3668
5410
1854
4610
5100
491
2860
5483
219
5172
3029
3095
3087
3074
5519
2691
4339
888
4667
87
1300
3106
4087
5781
256
5495
5153
1542
2470
3789
4409
5960
5036
2566
4423
3705
3281
5734
5587
4705
5851
4768
2530
1961
5568
5023
713
2202
4413
4717
2269
1513
435
752
2586
1959
4511
5708
1419
4256
1315
2106
2505
5389
4453
2008
4319
747
5896
410
3256
5160
1389
4419
3122
5146
2702
5686
1648
3687
5578
3908
3486
2258
2557
2273
4636
2443
5924
4361
5569
2559
2409
1575
887
1598
3916
3986
499
3018
4147
5682
1679
3161
5470
5377
3778
3001
507
5076
1018
4992
2449
577
2375
2623
2082
787
1635
4108
3383
4877
1526
2750
1182
2367
4796
5677
4910
5434
455
4316
3495
2563
994
2902
3400
5037
5864
182
3961
4649
1596
2108
5622
1793
2555
438
2052
4626
3540
4827
3563
138
3589
1565
2862
2800
4470
4865
4588
4184
5392
2721
5630
4477
948
393
4795
947
2369
2724
1733
2818
1925
2488
876
2986
3685
75
3246
4570
2645
3689
5884
2570
5464
3845
469
1920
2592
1467
1019
5835
4697
1109
2808
5044
122
2112
1550
30
1969
3483
509
563
3665
3255
5635
1724
5446
5316
3498
3858
3386
1
4310
2339
2762
1387
1968
2770
5522
2501
2079
4826
4056
190
702
364
160
4238
2333
4133
5557
667
1692
685
3682
3193
643
4945
5822
4635
695
1775
1262
5197
3574
993
978
301
187
2294
502
1176
2304
1066
5633
1825
3719
1167
2910
5961
2360
4675
2043
3207
3418
4640
4417
2166
3818
3066
2430
5467
2846
846
2298
3093
5683
4934
1479
5321
682
420
4838
5818
4429
4784
5034
5647
3274
2320
726
3864
3558
5847
681
2240
1498
5400
5417
4457
91
388
3476
4401
2868
4707
423
1021
941
4073
612
2114
2102
520
2923
1171
2132
2363
5742
3872
3774
67
2088
970
3322
4246
2824
3492
2487
2342
243
5054
252
2577
595
1905
2426
5330
4797
4866
5148
4788
1274
3402
4526
3697
46
4295
4249
5932
639
3288
4260
5840
4554
4235
3359
5114
4804
5723
801
4735
5162
5584
4837
1763
100
2349
3021
4967
4306
4770
2235
1795
55
4146
1234
5532
5543
735
1264
510
1375
1764
22
463
4328
4527
5041
5691
1245
391
1246
448
2142
1872
174
4250
2440
1312
861
4013
2072
68
4921
2041
5789
2452
5324
1034
5533
3922
2325
3567
3613
4003
636
2044
5712
4193
2012
1488
1386
5745
4873
3702
368
3465
4572
1937
827
1606
3213
215
586
1439
5080
5244
556
2660
4938
4134
177
1301
5271
2864
3479
617
2190
1355
755
5002
1511
2918
2919
2798
5490
1067
4507
305
700
2743
1210
2268
4148
4048
1597
1670
3466
4700
5982
13
4366
1776
1515
2461
1984
2588
2926
3240
3212
3934
5471
494
5233
2704
5469
566
665
1644
5550
661
5487
2969
3914
4049
5669
871
3658
4563
1186
1851
5545
4372
3336
3324
4986
1394
2943
2047
1382
3197
1900
5120
883
3790
1786
609
5220
5740
2493
2729
373
5698
2152
2286
5663
745
834
3695
5498
4561
1101
583
3831
78
632
4420
1316
4624
701
4712
3184
2065
4777
3741
1657
1924
891
136
814
551
4317
1736
601
5962
944
688
4448
989
711
201
5278
3527
2982
3585
1874
5793
4562
549
5694
4220
3617
3535
2914
3387
108
460
5971
5655
4941
432
734
320
2361
4358
4304
2814
4646
2368
4884
4223
3396
5399
1821
157
878
3194
4971
126
4271
3214
3332
4740
1048
5843
3469
3171
4850
4733
234
1561
5045
2315
5144
5850
5211
3760
5551
493
4241
3988
298
4520
1091
4116
760
4426
4397
982
4093
17
2405
3408
1619
3693
2842
1410
1303
3846
3565
5319
5382
5061
813
2882
1525
4485
4540
3506
2445
5744
2010
2652
5594
1790
2938
763
2913
2168
5481
792
5898
309
2606
2477
2587
3866
4347
1024
3438
2727
3919
557
2021
2055
4936
2204
5854
4395
4445
5825
4473
2571
1326
932
931
4775
5276
5084
5408
1671
5583
4069
5562
5369
526
1822
3806
5370
1065
3928
2098
1932
3710
1253
430
5190
200
3596
2848
334
408
3985
3379
5340
3348
1401
5059
579
26
1779
4637
3041
4132
2353
3432
3275
1473
4064
3573
849
615
587
5007
5462
5914
2075
3243
4565
4381
1772
5536
1057
4965
4360
2595
5354
1030
1452
4914
5381
3569
3081
858
3793
4639
4896
4368
2979
2646
6000
905
4830
273
5549
5159
4044
3248
1923
1909
338
4654
3621
5394
4576
5198
2069
3
2020
2589
4463
1755
1040
2847
2655
2806
1734
2537
2515
5287
5246
4091
2458
2346
1830
2634
140
5505
151
89
4805
214
5474
3385
2321
1180
1750
5010
2034
2782
2060
1110
4443
184
2834
3533
4084
3094
5739
2551
3114
3441
3849
4798
124
1322
1757
4824
64
5852
670
5910
2631
1668
2048
3401
3320
480
328
4953
3523
1586
4606
3249
3854
3938
4856
5577
2581
5308
5612
4482
3700
5667
5943
889
2580
2431
1207
2423
340
3669
2783
2801
3372
654
2385
458
495
4823
1259
1330
4662
962
961
2080
1220
394
1204
3276
4164
743
924
3686
1006
7
4591
5035
2889
3699
2932
2514
5957
2299
5803
5009
2131
1413
3325
4894
4307
4109
101
3724
1183
4398
1707
4495
3446
4424
5143
109
1095
4340
4018
692
4627
1741
5784
2415
3436
3096
3915
2523
4101
5221
2118
4014
427
4396
2314
4533
3648
4869
4552
65
3832
1960
5531
5358
5164
4754
5454
2725
995
3555
5017
1840
4815
971
4441
2081
280
5376
999
303
2031
2341
975
5142
1624
1677
1351
3084
3823
2490
3813
616
3707
4741
3850
2029
1810
2761
2209
822
1972
4666
5760
5767
904
602
2014
5939
4466
2598
3318
1096
1347
158
5987
5797
5485
2858
5724
294
3227
2509
4406
1466
1664
1977
224
4442
2428
1554
3264
5052
2826
3426
1768
1368
4537
1192
350
5946
5731
168
4386
2356
564
4282
1290
5670
1149
4166
335
902
537
2023
2421
4227
2402
655
927
5177
2063
4498
453
1739
3995
2084
1020
4052
2789
5215
318
4978
333
2552
3422
4314
2790
2495
1229
183
5448
1669
4320
2772
776
2413
5414
3625
5938
4860
3179
3863
5769
5189
1489
5528
279
2602
2927
5347
2543
5232
5701
2503
367
3086
5976
5916
4031
5529
1675
4334
5836
4376
4327
3433
1541
1751
1214
3489
4710
5
5256
1746
771
193
5801
1699
2169
3736
332
1539
5705
4082
1077
2480
2642
1434
1352
3704
3582
4300
1107
1151
5297
5998
253
4234
5169
4201
1305
3994
2491
2475
3382
5432
5821
5323
3923
2735
3549
5848
3642
1660
5000
2525
3612
1502
2688
4584
1522
2878
1927
2290
3285
2181
5541
3882
4904
5003
3235
3980
3722
3327
4571
1517
3739
1056
679
3729
4818
624
5604
1630
4573
4456
3309
2011
1886
5318
1348
958
3810
3484
1046
2335
2850
3313
4348
884
513
848
788
383
5676
401
2241
3594
4658
4868
2024
337
5830
11
530
4642
5693
4742
5192
4180
5208
202
1435
642
4028
2804
5552
4504
4057
2605
5067
2329
5921
4878
3696
372
1492
3753
1124
5933
3129
3837
1528
3378
4698
1911
2326
170
3444
189
467
5697
1558
4611
4384
4205
2811
917
3833
3962
819
5530
5089
5445
5390
5570
1902
379
4773
1725
574
1876
706
561
5520
4825
5757
4297
2331
1674
2362
2807
4985
2610
2467
2094
3786
707
47
2749
1442
2994
3581
2845
1777
3191
2377
4711
4774
1373
5171
2059
1250
2788
2390
1756
2422
3199
2977
5322
5598
3611
1038
1200
1132
1032
852
2676
3216
3482
2526
5332
329
5555
3817
3287
3663
1856
4265
568
921
1332
4524
1572
5247
143
3425
965
5988
4462
4299
2198
5778
2553
2230
2510
4944
2825
3530
5719
4550
4719
254
1470
1116
3221
1286
5640
691
5942
172
2963
291
1064
331
5763
3691
3394
3875
48
3599
3909
2384
1233
4759
1378
1053
1609
5507
5405
3690
5378
5964
3979
3949
4899
5438
3384
1926
3807
1819
3080
4558
2630
5217
2412
4792
3273
3082
678
5298
5315
1667
93
2629
1879
2683
3767
4468
1319
5662
1697
5266
722
5473
5183
4929
633
2714
4568
5566
5903
3698
5185
4574
3361
470
4289
4622
5845
5772
728
4127
4972
4371
2272
4801
5766
3430
3507
4950
2380
2238
4853
2499
2478
637
5775
2698
1291
1520
5472
5919
2574
5826
1329
1369
2192
4772
419
5426
547
5025
1573
3942
2193
413
3215
3814
4136
3345
3164
4708
2154
2677
1416
810
5927
5911
4039
2130
5090
4713
3885
2145
5722
3220
2659
838
1976
3504
4546
2626
2661
73
1431
3434
4659
3395
765
134
2158
1605
2053
4809
3079
2006
1308
1366
2175
4106
3462
4253
696
142
4859
4968
689
3984
23
2419
3420
5865
4888
3352
3177
5642
1957
1887
2243
2104
4244
3749
996
1615
4392
4621
3644
926
5476
5006
2489
3181
3900
1512
4730
452
1837
515
3742
4338
1421
3820
4096
1089
2382
3131
1634
4465
443
5458
5950
1408
3118
1916
4687
4131
1353
553
4875
3357
977
2997
5259
733
2947
4912
2170
2972
1145
5710
519
2460
3003
5808
4130
449
5012
2895
5422
1243
1787
634
811
2216
1412
1719
5619
4907
5060
708
3910
4071
1027
208
9
2675
1784
804
5955
5363
2716
4298
3355
1459
3520
3069
378
629
1372
5523
4544
2188
269
913
2513
4173
4191
3226
2768
4799
5621
1658
3956
3868
2064
1108
1292
2411
2709
2723
4092
2328
4493
3047
4898
4685
4731
1398
3852
1859
4380
897
2389
1864
3414
2151
712
4575
5626
1966
270
5353
2737
2831
3046
3939
5548
5517
3167
2263
2802
2365
1559
640
5882
826
3468
833
1889
5641
3109
5368
3299
2962
1965
2879
4743
113
3755
3592
141
1232
5468
1533
1523
2993
1941
2812
1222
4212
3904
2678
979
296
82
1581
3241
903
3605
3791
287
2961
4095
1035
911
5435
434
4829
872
1284
5450
4864
3636
2066
4200
618
1704
4954
1166
3714
1422
1420
772
3054
442
1023
3623
5704
1370
952
4780
399
21
1012
4083
2178
3819
2911
1881
5989
451
5027
937
2966
2127
3017
2653
694
933
3522
5703
5659
3042
3672
5201
4734
718
4902
3619
3035
5375
5824
482
5759
2760
3935
4412
1770
3417
2518
4966
217
2885
358
2671
1649
4415
5653
5281
2351
2745
2896
803
4601
4840
3150
1583
5639
3002
4455
212
228
4121
2254
5978
2884
2274
4354
981
796
593
3554
282
247
3076
3844
5388
4817
5094
4922
4503
1112
2026
2888
3024
5579
4897
102
3654
4851
2095
5958
5857
2650
5152
3219
3913
28
3945
2558
1530
3709
1313
2897
2309
4500
3393
116
3381
628
5026
3901
2953
1982
4857
4098
2672
972
2780
807
590
2751
791
3981
5384
880
534
2624
2792
3457
1995
851
5488
4909
730
1118
1205
864
5504
356
649
4021
1334
4806
716
3360
466
3091
5016
5736
5110
2925
1537
4122
3098
258
5804
1130
1899
770
3564
4156
3529
2715
4872
1798
3253
1636
3989
2681
418
4100
644
514
139
1888
4748
232
4487
197
862
4189
5284
3799
5425
906
5872
195
1906
4399
2287
1547
216
3597
5103
5592
5573
385
2987
3328
4581
198
83
5494
4216
2753
272
5499
1639
2778
2327
4962
357
1211
1436
1009
1841
1028
1443
5064
3367
498
680
1791
5074
2950
5574
2033
3124
1803
5362
4656
5936
3269
2779
5053
32
2796
4079
3088
1737
99
4185
2891
492
5122
5489
1121
4026
2967
1102
4862
56
1812
1591
342
1727
1390
238
1738
567
2538
241
4081
4689
5021
248
1773
5515
2450
1309
5005
3633
339
4483
4259
5231
3977
4793
2759
2471
844
1815
4905
1628
4737
1623
1508
98
1287
2697
66
3009
1852
2663
439
750
1411
3334
4341
2091
976
2404
1371
3371
5935
1831
2068
2280
4961
3222
5072
4876
5787
5083
1942
5601
5112
3353
3899
3244
4383
720
465
4594
4598
955
5527
5828
3363
1890
1940
5355
2359
573
5800
5386
4374
2330
3437
5862
77
2293
4690
4555
1297
2371
2907
1610
2940
2541
4645
3728
2669
4512
3027
3731
2954
323
3233
2179
5443
4928
5349
3316
278
1614
2062
3449
1555
3624
780
3824
3277
3435
2252
447
5140
2594
431
5990
950
4751
3978
2638
2134
2875
2893
436
274
3398
3141
1506
2035
2869
4387
936
4882
3745
4345
4629
3971
892
111
3125
4607
4094
3859
729
1994
2018
5675
3300
2282
4141
4199
3040
997
4123
2535
5986
2909
1633
5560
3350
686
2614
1097
992
398
5466
1249
1620
715
2915
4767
784
3976
5304
2748
2904
5226
3143
5187
1079
5024
2899
5493
4680
4749
4224
4128
3055
2319
1842
5314
14
4124
2795
3459
4634
607
3305
5118
1455
1376
4089
3064
178
1988
2136
3772
1026
2694
1255
5908
3208
3019
1311
1404
2207
5832
3610
5746
662
4822
1117
4525
3304
3809
1414
5827
1426
5301
20
3362
4192
1432
3411
4652
4771
1884
5945
2785
2398
3310
4673
4213
522
5288
3291
4
2101
4900
5056
36
2061
389
324
2585
351
783
4394
3166
3975
581
1981
3716
1128
4329
1845
3968
4001
5124
2836
867
3796
5912
2159
732
1560
5907
4490
4274
3284
4155
4129
5888
2400
898
4553
3730
4474
1833
4592
1137
2765
3085
3515
1154
2995
4669
2022
2015
3559
3580
5616
4288
426
5263
3405
3323
1252
4240
4043
2615
4937
5168
4755
293
1971
5607
5209
2810
5404
3893
4138
2306
1168
1613
3967
2999
2205
3638
5236
4177
403
4956
2854
548
5305
5610
2816
5554
97
3211
4104
5357
1799
3453
5590
360
2833
4175
3298
3499
2512
1904
4278
3431
1395
1392
5270
1865
3485
1007
606
5900
2453
5325
4692
144
650
4225
2143
1797
5137
1415
4303
2960
3127
3004
354
2777
2616
5253
4545
175
1656
1655
456
3375
4785
3509
2376
325
1036
3034
3116
5031
35
485
4281
2767
3389
1491
1767
1516
3718
1251
1463
1870
1236
5869
223
1430
3737
479
4305
3627
5356
205
4996
3539
4628
239
1587
4196
130
2128
4247
3297
5791
346
1325
5326
2741
5092
2103
4843
2971
2830
2692
4293
4703
3701
1139
2030
162
72
2942
2184
900
4633
5925
2774
3410
3175
5618
647
4135
4484
1695
2579
4998
2787
3032
5063
1709
40
155
528
1029
758
824
2213
416
375
5874
890
4115
1078
5815
2472
3016
3676
5503
506
1342
3867
3876
4027
3992
